252 252 336 336 252 252 328 328 388 388 340 340 388 390 348 348 
32 32 97 96 32 32 96 96 159 160 124 124 160 158 124 122 
4 4 2 0 4 4 4 3 -22 -24 -20 -28 -33 -58 -42 -62 
-68 -68 8 0 -84 -84 -27 -33 -14 -18 -70 -82 -23 -24 -84 -92 
-36 -36 -8 -8 -36 -36 -8 -8 -12 -16 -90 -96 -16 -16 -88 -95 
-36 -36 -16 -16 -36 -36 -16 -16 -14 -16 -40 -44 -16 -16 -44 -45 
-4 -4 16 16 -4 -4 16 15 16 16 -24 -24 16 16 -24 -25 
-22 -20 2 0 -20 -20 0 0 2 0 -42 -44 0 0 -44 -44 
-20 -20 0 0 -20 -20 0 8 0 0 -48 -48 0 14 -44 -44 
-4 -4 32 44 -4 -4 44 44 35 44 -27 -24 44 50 -24 -24 
12 12 0 0 12 12 0 0 20 24 22 26 24 24 21 15 
12 12 -4 -4 12 12 -4 -4 -2 -4 4 -2 -4 -2 -7 -9 
12 12 -4 -4 12 12 -4 -4 -3 -4 -8 -12 -4 -8 -16 -19 
28 28 -18 -20 28 28 -20 -20 -32 -36 -32 -36 -36 -36 -36 -36 
32 32 -32 -32 32 32 -32 -32 -40 -40 -34 -36 -40 -40 -36 -36 
32 32 -32 -32 32 32 -32 -32 -40 -40 -34 -36 -40 -40 -36 -36 
32 37 -32 -36 62 68 -56 -62 -40 -42 -34 -36 -44 -44 -36 -36 
16 16 -38 -44 16 16 -44 -44 -60 -60 -52 -52 -60 -65 -60 -66 
48 48 -16 -20 48 48 -20 -20 -66 -72 -58 -64 -72 -72 -64 -64 
48 48 -20 -20 48 45 -20 -24 -8 -8 -8 -8 -8 -10 -8 -14 
22 16 -42 -52 16 16 -52 -52 -32 -40 -30 -36 -40 -40 -36 -36 
48 48 -20 -20 48 48 -20 -20 -8 -8 -2 0 -8 -8 -4 -8 
48 48 -20 -20 48 48 -20 -20 -8 -8 -8 -8 -8 -8 -4 -4 
48 48 -20 -20 48 48 -20 -20 -8 -8 -2 -4 -8 -8 0 0 
48 48 -20 -20 48 48 -20 -20 -8 -8 0 0 -8 -8 0 0 
48 48 -20 -20 48 50 -20 -20 -8 -8 6 12 -8 -4 12 12 
63 64 -3 -4 64 64 -4 -4 8 8 16 16 8 8 16 16 
32 32 -36 -36 32 32 -36 -40 -24 -24 -13 -12 -24 -24 -12 -6 
28 28 -44 -52 28 28 -52 -52 -24 -24 7 8 -24 -20 8 16 
-16 -16 -12 -12 -16 -14 -12 -4 27 28 4 16 28 32 16 16 
4 4 22 28 4 4 28 28 43 44 8 8 44 44 4 4 
20 20 40 40 20 20 40 40 36 36 -8 -8 36 36 -8 -8 
-12 -12 8 8 -12 -12 8 8 4 4 -40 -40 4 4 -40 -40 
-12 -12 8 8 -12 -12 8 8 4 4 -32 -32 4 4 -35 -36 
-12 -12 8 8 -12 -12 8 10 4 4 -38 -39 4 4 -34 -32 
4 4 24 24 4 4 24 24 19 20 -16 -16 20 20 -16 -16 
4 4 24 24 4 4 24 24 20 20 -16 -16 20 20 -16 -16 
4 4 24 24 4 4 24 24 20 20 -12 -12 20 20 -12 -12 
4 4 24 24 4 4 24 26 20 20 -6 -4 20 20 -4 -4 
20 20 40 40 20 20 40 40 35 36 4 4 36 36 4 4 
-28 -28 -4 -4 -28 -28 -4 -4 12 12 -12 -12 12 14 -8 -4 
-12 -12 12 12 -12 -14 12 16 28 28 12 12 28 32 12 22 
68 64 55 56 64 64 56 56 20 24 2 16 24 20 16 16 
0 0 -12 -15 0 0 -10 -8 -42 -46 -8 -4 -36 -28 -4 -4 
0 5 -2 5 31 32 31 32 -4 0 0 0 0 0 0 0 
12 4 16 12 4 4 12 12 -2 -4 0 0 -4 -4 0 0 
4 4 12 12 4 4 12 12 -4 -4 -2 -4 -4 -4 0 -4 
-8 -8 16 16 -8 -8 16 16 -16 -16 -24 -32 -16 -16 -32 -32 
-8 -8 12 12 -8 -8 12 12 -16 -16 -28 -28 -16 -16 -28 -28 
4 4 4 4 4 4 4 4 -32 -32 -16 -16 -32 -32 -16 -16 
4 4 4 4 4 4 4 12 -32 -32 -16 -16 -32 -32 -16 -16 
-3 0 23 32 0 -1 32 34 -10 -4 0 0 -4 -4 0 0 
0 0 33 32 0 4 32 42 -4 -4 0 0 -4 -4 0 0 
26 32 54 60 32 31 60 64 -3 0 0 0 0 -7 0 -2 
0 0 25 24 0 0 24 28 -54 -60 -56 -64 -60 -50 -64 -64 
-8 -4 48 54 16 24 68 72 47 53 8 8 54 56 8 8 
-4 -4 32 32 -4 -4 32 32 28 28 -24 -24 28 32 -24 -18 
-4 -4 40 40 -4 -4 40 42 54 56 1 4 56 56 4 4 
-20 -20 24 24 -20 -21 24 24 40 40 -9 -8 40 40 -8 -8 
-4 -4 44 44 -4 -4 44 44 -4 -4 -44 -44 -4 8 -44 -38 
-36 -36 17 20 -36 -36 20 24 14 20 -20 -8 20 24 -8 -2 
-33 -32 36 36 -32 -38 36 33 14 16 -7 -4 16 16 -4 -4 
-58 -60 18 20 -44 -32 36 47 14 16 -4 0 32 46 15 24 
-32 -32 48 48 -32 -34 48 45 45 44 24 24 44 48 24 24 
-48 -48 35 32 -48 -47 32 31 49 48 38 40 48 47 40 42 
-51 -52 40 40 -48 -48 28 28 -4 -7 39 49 6 8 78 88 
16 16 24 24 16 16 24 24 12 12 14 16 12 5 20 28 
0 0 4 4 0 0 4 8 -20 -24 23 24 -24 -23 24 26 
pdst size is 8, 148 148 148 148 0 0 4 4 0 0 4 8 
-8 -8 12 12 -8 -10 12 18 -16 -16 30 16 -16 -18 16 9 
-17 -16 15 16 -16 -18 16 22 -26 -28 -15 -24 -28 -28 -28 -39 
-17 -16 15 16 -16 -18 16 22 -28 -28 -36 -36 -28 -12 -36 -36 
-17 -16 24 28 -20 -32 30 35 13 20 -22 -16 25 53 -16 -6 
-48 -52 34 32 -52 -50 32 30 83 96 24 36 96 95 30 28 
-9 -8 -5 -12 -8 -8 -12 -24 -20 -20 12 16 -20 -21 8 8 
-33 -36 -41 -48 -36 -34 -48 -54 -44 -48 24 24 -48 -55 24 24 
-18 -20 -38 -44 -20 -18 -44 -48 -48 -56 69 69 -56 -68 72 69 
-34 -36 -65 -68 -33 -16 -72 -83 -35 -44 -62 -72 -44 -46 -75 -74 
20 20 -63 -64 20 19 -64 -60 -11 -12 -50 -54 -12 -14 -57 -69 
20 20 1 0 20 26 0 8 -22 -24 -39 -48 -24 -20 -56 -60 
44 48 40 48 48 48 44 44 -8 -8 -76 -80 -8 -8 -80 -83 
96 96 96 96 96 100 88 80 36 42 44 47 47 6 39 -3 
32 32 -12 -14 32 30 -15 -14 -80 -88 -95 -104 -105 -104 -121 -124 
22 14 5 -4 0 -15 -24 -29 -11 -16 -43 -52 -36 -38 -72 -76 
-42 -54 -1 -9 -68 -74 -33 -38 10 2 13 9 -18 -24 -8 -2 
-8 -16 -12 -16 0 -10 -19 -34 -32 -32 -38 -32 -32 -32 -32 -32 
4 0 -35 -39 -5 -27 -44 -48 -30 -48 -18 -39 -48 -48 -40 -40 
-12 -12 -32 -32 -12 -16 -32 -24 -32 -32 -26 -30 -32 -24 -36 -32 
-28 -32 -1 7 -43 -48 30 28 8 30 10 33 38 37 3 -8 
-68 -70 -14 -22 -54 -54 -39 -40 5 -27 -36 -48 -36 -36 -48 -48 
-30 -32 -20 -20 -32 -32 -20 -21 4 4 0 0 4 4 -1 -10 
-25 -32 -22 -30 -49 -52 -45 -48 8 8 -36 -44 2 -2 -44 -48 
-12 -20 -8 -16 -33 -32 -36 -46 14 0 -34 -48 -20 -31 -62 -64 
15 8 -34 -44 -3 -6 -67 -76 -34 -52 -32 -36 -72 -80 -52 -56 
20 16 -60 -68 16 15 -68 -68 -62 -68 -40 -40 -68 -74 -40 -42 
18 16 -6 -8 16 15 -8 -12 -22 -28 -70 -80 -28 -28 -80 -81 
0 -4 -24 -28 -4 -4 -28 -28 12 12 -26 -28 12 12 -28 -28 
-15 -87 -45 -60 -125 -128 -80 -84 24 16 -28 -36 -4 -8 -56 -60 
-60 -60 -20 -20 -48 -48 -26 -28 -8 -16 -60 -68 -33 -36 -88 -92 
6 4 12 12 8 -3 12 12 0 0 -60 -60 0 0 -60 -60 
-17 -24 -6 -8 -24 -28 -8 -8 0 0 -72 -72 0 0 -72 -72 
6 4 24 24 4 0 24 28 32 32 -40 -37 32 32 -26 -22 
-23 -32 42 48 -8 3 49 48 40 40 -10 14 41 50 84 152 
-16 -16 16 16 -16 -17 16 16 24 24 136 136 28 28 136 128 
-10 -16 20 18 0 0 16 16 12 12 -38 -50 23 24 -46 -48 
4 4 0 0 4 12 0 8 40 40 -70 -72 40 40 -72 -57 
36 44 36 44 44 40 44 41 -27 -24 45 62 -24 -25 60 60 
-6 -12 -14 -16 -12 -8 -16 -20 -58 -64 26 28 -64 -65 28 28 
4 4 -25 -30 4 5 -38 -38 -60 -74 26 20 -114 -125 -26 -38 
7 8 27 28 8 10 28 32 -64 -72 -78 -80 -72 -77 -80 -80 
23 24 37 36 24 23 36 50 -12 -16 -34 -28 -16 -11 -44 -44 
22 16 78 80 0 -5 58 52 45 53 -32 -32 57 56 -44 -48 
-8 -8 -28 -28 -8 -9 -28 -28 -24 -24 -41 -30 -24 -28 -28 -35 
32 28 2 9 40 44 46 64 -14 -17 -20 -30 2 45 -28 -22 
-34 -31 -54 -43 -24 -22 -9 10 -61 -58 -100 -96 -36 1 -83 -41 
2 1 36 44 12 16 44 44 9 43 -72 -36 56 58 -20 -11 
-32 -32 -4 3 -32 -32 -2 -4 10 50 -29 12 68 47 40 69 
-32 -32 -4 -4 -32 -32 -4 -4 -36 -36 -20 -15 -36 -36 -8 -8 
-4 -4 -16 -18 -4 4 -20 -21 4 2 4 -4 -15 -25 -33 -40 
6 8 -11 -12 8 8 -12 -6 -6 -12 12 8 -12 2 8 12 
-16 -16 -17 -12 -16 -12 -12 2 -2 4 6 6 4 8 2 1 
6 8 40 48 22 42 62 64 26 28 -24 -38 24 20 -80 -92 
-32 -32 -18 -20 -32 -15 -20 -4 -28 -36 -4 -10 -36 -44 -4 -10 
55 68 49 60 68 78 60 64 -22 -28 -12 -17 -28 -24 -10 -8 
21 32 -11 -4 32 32 -4 8 -2 0 5 8 0 1 8 10 
36 36 19 28 36 36 28 32 19 20 39 44 20 17 38 36 
4 4 -8 -4 4 5 -4 -2 -12 -12 4 4 -12 -22 4 -5 
11 12 -3 -4 16 13 0 -6 -45 -52 -30 -36 -52 -55 -40 -40 
-1 -8 -30 -36 -8 -4 -36 -44 -4 -4 40 40 -4 -7 40 40 
-4 -4 -66 -72 -4 0 -72 -73 -20 -24 26 28 -24 -24 28 28 
-32 -32 -39 -40 -32 -40 -40 -53 8 8 -4 -4 8 14 -4 4 
-12 -20 13 0 -20 -18 0 -2 45 48 63 68 48 48 68 68 
12 12 -6 -12 12 12 -12 -19 0 0 19 20 0 -4 20 20 
10 8 -30 -36 8 10 -36 -37 -24 -28 18 16 -28 -29 16 18 
9 8 -36 -36 8 7 -36 -37 -28 -28 17 16 -28 -32 16 18 
-16 -20 -46 -52 -20 -20 -52 -52 -48 -52 8 4 -52 -52 4 4 
16 16 -20 -20 12 12 -20 -20 -24 -24 44 44 -24 -24 44 44 
8 8 -20 -20 8 13 -20 -20 -20 -20 44 44 -20 -21 40 40 
26 28 -4 -4 28 36 -4 -8 -30 -32 26 28 -32 -28 28 41 
42 44 -11 -16 44 48 -16 -17 -4 0 77 90 0 -1 96 100 
-31 -32 -14 -16 -32 -14 -16 -8 1 0 11 10 0 -1 16 20 
17 28 32 40 28 34 40 39 12 12 24 22 12 10 16 20 
1 0 10 8 0 4 8 14 -20 -20 -14 -16 -20 -16 -16 -12 
8 10 42 51 16 16 48 48 9 16 -5 -2 16 24 8 16 
-4 -4 -47 -44 -4 -4 -44 -44 -37 -32 21 32 -32 -32 32 32 
4 4 -44 -44 4 21 -44 -28 -32 -32 28 28 -32 -32 28 28 
29 46 43 56 56 64 56 50 12 12 0 0 12 12 0 0 
62 70 -4 0 98 106 34 44 -28 -21 -27 -17 10 20 11 22 
29 32 -16 -16 32 54 -16 -16 40 40 36 36 40 59 36 55 
48 68 -17 -12 68 59 -12 -12 73 84 74 92 84 88 92 94 
-1 -8 -1 0 -8 -1 2 22 24 32 27 28 32 40 28 34 
28 28 26 36 28 36 36 36 38 44 67 69 44 58 72 87 
63 68 5 8 68 74 8 14 -38 -28 -81 -72 -28 -28 -68 -57 
39 42 -21 -12 34 40 15 36 -61 -51 -76 -56 -17 10 -24 4 
40 48 40 57 48 50 91 110 32 71 38 116 112 158 157 214 
12 12 56 56 12 20 56 55 16 16 66 64 16 14 64 65 
8 13 14 10 22 17 -13 -27 -18 -28 24 12 -75 -120 -17 -47 
52 36 21 -2 10 4 -29 -36 8 -17 76 36 -38 -40 9 5 
59 35 23 16 25 18 10 8 16 8 36 8 -9 -20 -12 -22 
-6 -18 14 -5 -36 -57 -31 -46 -25 -44 -7 -33 -71 -84 -56 -72 
-50 -59 -61 -74 -74 -72 -91 -96 -79 -93 -74 -96 -115 -125 -107 -125 
88 80 84 88 67 55 126 144 -16 -18 -24 -32 -7 -16 -44 -52 
-13 -22 2 -7 -31 -37 -81 -99 -11 -21 -48 -56 -31 -34 -54 -46 
-24 -40 -84 -88 -70 -81 -86 -93 17 20 3 4 38 37 -16 -15 
-40 -59 -48 -63 -96 -103 -106 -119 2 0 1 0 -16 -22 -12 -12 
-11 -17 -5 -13 -18 -21 -12 -15 1 -7 -6 -5 -2 -3 -4 -12 
-20 -24 -5 -4 -24 -25 -4 -4 -2 -4 -48 -66 -4 -4 -64 -62 
4 2 56 43 -11 -5 -10 -13 27 1 3 -8 -33 -45 -47 -56 
28 32 23 20 -12 -31 -28 -48 -4 -14 7 -10 -45 -52 -52 -59 
-14 -16 -20 -24 -16 -16 -24 -32 -38 -48 -46 -60 -65 -71 -77 -80 
-16 -16 -34 -43 -28 -51 -46 -59 -21 -24 2 -16 -32 -32 -47 -52 
-31 -34 -24 -28 -36 -39 -28 -26 -5 -27 -18 -31 -36 -41 -30 -30 
-28 -36 -18 -24 -36 -36 -24 -24 -30 -36 -12 -16 -36 -36 -16 -16 
-4 -4 8 8 -7 -10 8 -8 -4 -4 16 16 -4 -6 16 16 
-30 -32 -48 -60 -32 -38 -60 -60 -20 -24 24 24 -24 -24 24 24 
2 -14 -24 -28 -30 -32 -44 -48 -32 -34 -4 5 -38 -47 -21 -35 
2 0 16 16 4 3 16 16 -48 -48 -33 -39 -48 -48 -36 -25 
-12 -16 4 4 -23 -24 4 4 -44 -44 -16 -24 -44 -45 -32 -30 
12 6 32 28 -14 -16 10 8 -26 -28 45 55 -40 -40 76 72 
0 0 -32 -32 0 0 -32 -32 -6 -8 0 -4 -8 -5 -4 -3 
0 0 -29 -13 8 8 20 43 14 38 13 23 60 65 4 1 
-4 28 157 186 122 149 216 223 10 8 -7 -8 4 2 -8 -8 
36 82 12 -6 79 83 -54 -69 -2 -34 6 -38 -51 -52 -48 -40 
-30 -32 -52 -56 -32 -44 -56 -53 -20 -24 12 24 -24 -25 24 23 
-36 -66 -36 -56 -99 -129 -84 -108 -57 -75 73 58 -71 -88 66 54 
-92 -96 -62 -64 -96 -98 -64 -65 -24 -24 -41 -44 -24 -24 -44 -44 
-70 -92 -48 -56 -109 -118 -76 -84 -6 -16 -28 -36 -36 -40 -63 -68 
-106 -112 -68 -72 -112 -113 -72 -73 -10 -12 -34 -36 -12 -10 -36 -36 
-48 -48 -8 -8 -52 -52 -8 -9 -11 -12 -28 -29 -12 -15 -39 -39 
-8 -8 16 16 -8 -17 16 16 0 -8 -28 -36 -8 -9 -36 -38 
-38 -64 8 8 -36 -40 11 12 -6 -7 -51 -56 11 38 -54 -28 
-58 -59 -51 -48 -55 -52 -46 -40 -8 0 15 24 0 8 24 26 
-26 35 -37 17 83 132 70 128 1 14 0 2 41 82 18 41 
52 42 78 72 11 2 59 56 16 16 -28 -28 16 24 -28 -22 
-71 -68 -8 -8 -62 -59 -8 -13 44 48 -1 5 48 48 10 12 
-5 -9 -32 -40 -4 9 -40 -43 -38 -40 8 8 -44 -47 4 10 
56 74 -59 -64 82 77 -64 -64 -65 -68 35 40 -68 -68 40 40 
-16 26 -88 -43 58 73 8 52 -79 -54 -36 -35 -17 9 -22 10 
14 6 4 -1 -16 -20 14 20 -24 -25 -6 5 12 63 11 57 
-32 -32 -32 -32 -16 -6 -16 -17 -32 -32 -56 -56 -16 -16 -38 -30 
38 0 -2 -55 -49 -82 -102 -112 9 -15 19 32 -28 -28 22 20 
-46 -60 -80 -86 -118 -136 -116 -124 -12 -14 40 44 -32 -32 60 64 
-74 -76 -68 -64 -61 -59 -48 -30 -20 -16 84 88 0 12 103 112 
-28 -23 36 37 6 16 21 16 3 2 -32 -36 -37 -87 -54 -88 
16 16 16 16 16 26 16 15 32 32 32 32 32 32 32 32 
17 18 -24 -32 0 -4 -49 -52 -8 -34 97 37 -41 -46 16 16 
-4 -4 -58 -64 -13 -35 -78 -89 -82 -104 -20 -57 -119 -120 -79 -84 
17 16 -25 -24 8 8 -16 -16 -53 -48 -12 -8 -30 -24 12 20 
24 24 0 0 24 30 0 0 -4 -4 32 32 -4 -2 32 40 
13 16 -26 -18 28 28 22 32 -22 3 48 60 28 32 46 44 
28 28 32 32 28 30 32 32 28 28 48 48 28 28 48 48 
0 0 0 0 0 8 0 0 8 16 16 16 16 24 16 24 
22 24 10 12 24 32 12 16 34 40 51 60 40 40 64 64 
18 24 1 4 20 20 4 4 8 8 32 32 1 8 10 8 
20 20 7 6 20 19 4 14 22 20 25 22 16 47 17 56 
-30 -32 -4 -4 -32 -32 0 -1 24 24 32 32 24 23 32 32 
-42 -44 -20 -23 -38 -32 -12 -13 4 4 24 24 4 1 24 25 
16 16 18 16 0 0 0 0 30 24 72 72 28 28 72 72 
0 0 0 0 0 0 0 0 28 28 72 72 28 36 72 80 
-14 28 -19 18 48 48 13 14 20 28 68 72 28 36 72 81 
0 4 0 4 22 36 27 46 23 35 74 85 67 98 109 125 
54 52 44 45 35 34 54 56 63 68 57 60 68 68 64 60 
16 16 36 36 16 16 36 36 48 48 32 32 48 47 32 30 
-16 -12 8 4 -2 1 -15 -16 2 -8 -20 -32 -40 -40 -64 -72 
22 20 15 12 20 19 12 12 0 0 -41 -40 0 0 -40 -36 
10 8 2 0 8 10 0 0 -7 -8 -12 -4 -8 -8 -3 0 
20 20 12 12 20 20 12 12 4 4 4 4 4 4 4 4 
3 13 -10 6 33 53 22 38 -11 3 -8 2 19 32 17 28 
40 41 17 15 55 60 31 40 0 -2 7 4 11 13 14 20 
2 8 -1 0 20 16 8 12 -12 -12 28 30 8 25 42 59 
10 11 -8 -16 20 20 -16 -16 32 32 96 105 32 40 110 121 
0 0 -61 -60 11 26 -44 -20 -17 -12 30 40 2 30 61 74 
-14 -22 -67 -64 -19 -8 -60 -23 -34 -3 -24 -1 11 20 71 79 
17 12 -14 -14 7 9 -23 -27 -14 -39 7 -43 -71 -93 -69 -113 
-28 48 -22 31 66 88 5 -6 -32 -23 -34 -48 -42 -44 -60 -60 
-4 -12 -106 -108 -12 -19 -108 -100 0 0 -16 -12 0 6 -1 3 
-34 -37 -16 -5 -8 -4 12 19 0 5 3 4 26 49 27 37 
34 20 63 59 -5 -12 41 26 64 71 14 20 56 -5 18 -27 
10 -31 33 -17 47 49 47 44 -19 -83 -55 -101 -52 -65 -46 -55 
30 31 35 23 7 -11 2 -24 -34 -67 -8 -38 -91 -119 -64 -76 
-40 -52 -38 -44 -48 -32 -40 -40 -72 -80 3 8 -72 -72 4 4 
4 -4 292 280 -8 -18 257 240 179 140 -69 -118 144 132 -131 -141 
-1 -6 -53 -77 -9 -10 -135 -150 -34 -64 26 15 -136 -152 -50 -93 
42 -29 187 128 -72 -122 64 9 124 105 -58 -71 55 30 -108 -123 
-46 -40 32 16 -40 -30 -16 -20 40 31 -83 -84 21 22 -87 -88 
36 40 57 60 40 51 60 65 -41 -36 24 24 -36 -46 24 19 
12 18 33 27 26 32 49 54 11 -52 -12 -22 -45 -44 -39 -36 
21 14 6 -7 -47 -123 -77 -128 0 -2 0 2 -28 -29 20 16 
-85 -84 -67 -60 -82 -74 -60 -51 -36 -28 -14 -8 -24 -12 0 8 
-14 -24 -12 -20 -24 -24 -20 -20 -28 -28 8 8 -28 -31 8 8 
-15 -31 -24 -20 -24 -16 8 22 -8 -4 28 32 16 44 34 47 
16 16 12 8 16 16 16 16 -8 -12 -19 -20 -8 -4 -20 -13 
14 12 16 16 12 18 24 47 29 32 27 23 40 72 32 86 
-12 -12 20 20 -12 -12 19 20 45 48 269 504 43 128 715 808 
36 36 56 56 36 36 56 50 177 394 -52 -55 516 637 -101 -166 
32 25 -154 -25 3 -40 18 36 210 152 -314 -345 56 -77 -234 -139 
-49 -22 32 27 32 129 59 114 -320 -124 141 54 -3 -15 18 -33 
-109 -137 148 284 -106 -4 380 458 24 37 -15 -30 17 -47 -90 -168 
68 104 11 -5 279 300 -70 -95 20 11 24 16 -25 -37 -10 -36 
60 67 -77 -99 103 105 -125 -137 -35 -56 -76 -115 -115 -139 -186 -214 
0 -14 -30 -37 -33 -28 -25 -33 -86 -94 -58 -85 -94 -114 -143 -163 
-12 -8 -61 -72 -8 -12 -72 -86 -63 -78 -75 -102 -80 -100 -85 -97 
7 -15 -58 -82 -76 -92 -110 -123 -82 -104 -39 -36 -112 -116 -33 -28 
-90 -116 -31 -53 -205 -240 -44 -45 -108 -184 8 -10 -184 -182 -46 -42 
-88 -119 -31 -47 -183 -215 -94 -108 -42 -93 35 105 -101 -180 211 298 
-112 -174 -27 -78 -172 -166 -93 -170 -56 -74 27 27 -76 -80 97 112 
44 32 -6 -8 -7 -19 -43 -58 25 37 2 1 60 87 42 59 
-34 -36 -66 -72 -36 -42 -77 -102 26 32 -28 -98 37 59 -38 -36 
-22 -40 -17 -33 -76 -69 -73 -66 -21 -8 48 -41 -39 -24 -267 -408 
-18 -24 11 12 -24 -24 8 7 28 24 16 1 24 14 14 0 
13 10 15 16 12 23 22 19 11 -1 14 9 0 1 4 2 
36 36 6 4 36 36 4 3 -2 -4 4 4 -4 -4 4 -4 
-24 -24 -38 -40 -24 -16 -40 -40 -12 -16 16 8 -16 -16 8 8 
-8 -8 -40 -40 -8 -6 -44 -44 -12 -12 8 8 -24 -24 -4 -4 
10 32 -28 -22 8 4 -27 -28 -26 -23 -8 -8 -24 -24 -8 -8 
12 12 -20 -20 12 20 -20 -14 -20 -20 -16 -16 -20 -20 -16 -16 
40 44 -3 0 44 50 0 10 -16 -16 -16 -16 -16 -8 -16 -14 
5 12 -24 -11 24 31 -8 -2 -48 -37 -61 -59 -28 -26 -55 -47 
-24 -28 -50 -45 -28 -27 -41 -30 -58 -47 -65 -53 -23 6 -24 -2 
-37 -40 -41 -41 -12 36 -15 34 0 0 -40 -34 -2 13 -8 8 
37 75 38 87 80 84 153 174 13 31 6 17 88 140 68 118 
-12 -3 80 83 18 38 78 76 46 46 20 23 44 42 28 35 
29 36 48 54 37 38 56 58 6 38 28 69 52 52 88 86 
-11 -12 43 45 -12 -14 44 44 37 59 69 80 68 68 80 80 
-24 -24 44 44 -24 -24 44 34 -12 -12 -2 -2 -12 -12 6 20 
-51 -123 -1 -39 -165 -176 -43 -47 -9 -7 58 62 12 14 39 24 
27 -9 56 17 -29 -38 -7 -31 90 52 25 -15 1 -41 -74 -106 
-49 -46 29 22 -28 -24 10 8 81 64 83 64 54 35 64 63 
36 36 31 32 36 45 28 36 0 0 30 35 4 19 33 45 
40 44 24 28 41 40 28 28 24 30 22 6 21 24 -19 -15 
12 12 0 -10 12 12 -8 -8 -19 -51 -2 47 -53 -28 34 -30 
12 12 -4 -6 12 12 -11 -12 -22 -13 -26 -17 -24 -29 -36 -42 
-30 -24 -4 -4 -24 -20 -10 -12 18 8 32 18 -9 -12 -6 -12 
30 28 32 26 7 17 24 32 16 16 24 30 17 20 50 64 
-16 -15 2 7 -7 12 8 10 10 21 48 62 44 55 110 135 
16 16 1 15 32 32 44 46 -7 33 211 200 54 22 107 44 
-16 -16 -6 -8 -16 -16 -8 -8 50 48 72 72 44 47 72 79 
32 32 41 40 32 32 38 36 31 30 77 84 2 -37 78 52 
32 32 36 36 32 40 36 42 20 20 -24 -25 20 20 -20 -20 
20 24 -19 -12 26 50 -2 22 -72 -65 -26 -20 -40 -17 -18 -10 
41 43 -4 2 56 72 10 20 -39 -28 -33 -28 -19 -6 -18 -10 
39 38 9 3 47 41 14 6 -13 -15 21 17 0 5 26 31 
0 0 0 1 0 -1 6 6 20 27 60 68 44 52 84 88 
-18 -26 -6 -2 -44 -49 25 24 12 14 60 58 23 21 56 55 
-26 -28 -12 -20 -28 -18 -20 -18 -6 -12 4 0 -12 -11 0 0 
5 16 2 9 25 32 16 22 4 5 -4 -4 8 12 -2 2 
30 32 22 24 32 32 24 19 -2 -4 -12 -12 -4 -4 -12 -15 
21 24 -2 -10 24 24 -12 -12 -20 -24 -30 -26 -27 -28 -1 8 
40 40 4 4 42 48 4 4 -8 -8 16 16 -8 0 16 24 
8 18 -23 -17 36 56 4 24 -10 -2 27 36 8 22 42 52 
-26 -14 -36 -24 8 34 8 42 -12 -8 58 60 17 48 70 74 
0 11 0 -4 41 9 -41 -99 0 -7 9 19 -45 -84 49 56 
-24 -35 -10 -18 -19 -14 -26 -28 -41 -46 4 3 -68 -72 -24 -24 
23 23 9 32 32 32 100 130 -17 33 41 96 76 126 136 186 
-17 -10 41 55 10 13 74 84 64 135 65 90 139 134 109 100 
19 21 12 21 77 101 58 90 -30 -29 3 -12 -19 6 -22 -24 
10 23 22 57 43 58 101 118 34 107 5 47 147 119 96 141 
-48 -43 4 -7 -32 -39 -64 -80 -33 -47 91 94 -68 -123 -20 -101 
2 -19 31 57 -15 -1 81 92 9 33 48 62 45 8 24 -30 
-30 -66 140 130 -89 -88 138 170 56 44 24 19 19 8 17 16 
12 12 154 164 12 12 158 156 37 88 13 -4 103 104 -58 -71 
170 98 281 220 27 17 191 169 555 549 706 710 413 248 485 201 
65 66 156 75 76 -12 28 -70 134 76 51 5 59 -22 -26 -76 
-8 -28 0 28 11 -9 38 20 26 1 -33 -71 -8 -35 -44 -48 
30 28 26 16 24 22 -1 6 -4 -8 -16 -22 -24 -26 -31 -32 
26 24 12 8 24 22 8 8 -20 -20 -32 -32 -20 -21 -32 -32 
26 20 12 8 16 16 8 8 -20 -20 -32 -32 -20 -20 -32 -32 
16 18 16 12 36 36 -6 -11 -20 -20 -32 -32 -27 -32 -32 -32 
16 8 -28 -31 8 8 -28 -22 -32 -30 -30 -22 -16 0 -6 8 
0 0 -3 0 16 16 16 16 20 24 28 32 24 32 32 40 
16 16 19 21 17 40 31 53 49 47 62 70 47 59 112 263 
-177 -195 -257 -277 -208 -213 -267 -62 -386 -157 303 466 274 546 498 460 
-36 93 276 502 496 753 474 459 252 138 -169 -253 69 28 -108 169 
0 -79 -15 -80 -116 -145 -86 -114 -51 28 59 145 164 296 140 175 
24 6 -53 -76 -14 -85 175 542 189 359 -63 -199 416 403 -350 -516 
145 284 100 138 215 179 266 337 19 6 -250 -319 -70 -148 -450 -487 
-184 -153 -18 -27 -113 -59 -18 -24 283 160 74 26 87 -1 37 -14 
73 89 65 66 130 140 44 40 -90 -180 46 -13 -228 -232 -8 0 
32 32 -84 -84 32 34 -84 -81 -124 -124 118 92 -124 -128 80 70 
-2 -17 40 37 -79 -97 19 16 5 2 -92 -118 96 113 -182 -192 
-109 -199 74 72 -324 -534 66 80 151 160 311 543 447 731 517 432 
-109 -193 116 35 -359 -449 -8 -120 -1 -14 -185 -204 -2 31 -100 55 
-56 -40 -143 -170 -10 129 -176 -340 -84 -93 84 275 -63 -125 494 594 
244 421 -27 -87 495 517 -80 -50 336 265 -52 -37 94 -136 -21 -39 
17 -15 -128 -109 -20 -24 -99 -101 -65 -241 687 585 -307 -308 379 17 
-7 7 -70 -85 -10 -9 -132 -140 -248 -223 -262 -372 -238 -248 -398 -404 
-10 -20 -16 -20 -80 -129 -62 -88 -24 -34 -183 -198 -113 -180 -242 -285 
17 3 -60 -88 45 93 -140 -193 -4 -8 -84 -101 6 -16 -108 -106 
-38 -50 0 -15 -46 -48 -11 -8 -4 -83 10 6 -157 -256 -17 -190 
96 -104 205 213 -124 -162 284 208 96 114 147 97 102 219 98 106 
48 42 163 116 24 -6 75 42 107 103 -270 -262 120 71 -57 130 
17 16 34 16 0 -8 0 -8 77 49 129 102 12 -6 63 17 
-8 -16 -8 -16 -16 -16 -16 -16 -2 -12 55 56 -4 -4 51 48 
0 0 0 0 0 0 0 0 -4 -4 42 40 -4 -4 36 36 
0 0 0 -2 0 0 0 0 19 -12 59 26 -16 -16 -7 -16 
-16 -16 -16 -16 -16 -16 -16 -16 -16 -16 -16 -16 -16 -16 -16 -16 
-32 -32 -32 -32 -16 -16 -16 -16 -16 -16 -16 -16 -16 -16 -16 -16 
0 0 0 0 1 21 14 42 0 2 2 17 26 68 68 107 
-28 -10 -9 14 12 32 12 24 5 -3 57 25 4 -5 10 -12 
0 4 -8 -4 27 47 1 22 -28 -21 -32 -22 -31 5 3 -122 
4 14 -2 8 46 64 40 48 1 -37 -500 -694 -177 -266 -697 -718 
-24 -24 -32 -26 -36 -7 71 120 -11 25 107 90 -11 -89 111 378 
36 35 47 39 67 79 61 72 233 438 168 365 601 813 398 462 
-81 -33 -113 -135 -16 -18 -120 -92 394 467 -86 -645 157 -97 -1076 -1010 
2 8 57 95 55 77 144 150 -191 -344 -74 19 -492 -392 -2 21 
16 -5 -52 -105 -49 -86 -210 -198 120 203 -66 -31 282 405 96 257 
-101 -178 48 166 -51 16 292 313 -11 122 -464 -273 213 91 -87 132 
143 194 248 138 176 120 97 45 48 -26 82 94 -29 -12 -57 -37 
148 62 126 130 18 50 134 182 79 131 93 131 158 163 81 88 
155 182 134 184 169 129 233 199 20 74 61 71 99 50 -2 -111 
164 121 247 119 93 -4 38 -16 170 73 68 3 -7 -24 -19 -26 
-32 -48 -46 -64 -62 -64 -64 -64 -56 -64 -56 -64 -64 -64 -64 -64 
-16 -18 -16 -16 -20 -20 -16 -16 -16 -16 -16 -16 -16 -16 -16 -16 
-8 -6 0 1 1 24 15 24 0 0 0 2 2 4 12 16 
-16 -7 -16 -6 53 80 69 98 -40 -36 -40 -31 14 56 53 95 
-4 33 -1 22 28 -33 19 -14 -36 -71 -17 4 -82 -46 59 175 
-3 -4 8 0 -4 3 0 4 19 1 143 58 4 4 55 56 
9 16 -14 -6 35 72 -8 10 -29 -5 2 17 9 -12 33 54 
100 94 0 0 39 36 18 32 -8 -5 80 75 14 32 56 58 
15 20 25 28 28 30 28 34 36 48 40 52 48 56 52 52 
8 15 13 19 31 43 35 44 40 48 14 22 64 64 38 44 
4 4 24 24 4 14 26 34 36 40 24 28 58 64 46 52 
0 5 21 24 8 8 24 24 32 32 20 20 32 31 22 24 
12 6 20 12 -12 -16 -8 -12 30 20 28 20 0 -4 0 -4 
-16 -16 -12 -12 -16 -16 -12 -12 -4 -4 4 4 -4 -4 6 8 
-4 -4 -4 -4 -4 -4 -4 -4 0 0 16 16 0 8 16 22 
-4 -4 1 4 -4 -4 4 4 32 44 46 52 44 44 60 60 
-16 -9 -20 -14 23 32 10 16 -20 -16 -24 -24 -10 0 -22 -14 
20 20 16 16 20 23 13 26 20 25 11 34 34 36 77 94 
14 16 15 24 16 25 24 28 20 20 44 42 20 21 29 19 
12 12 10 12 11 53 18 64 -8 -3 -37 -48 16 45 -52 -51 
103 113 154 211 82 49 205 183 82 70 -20 -24 42 81 -33 19 
-44 -6 47 101 12 41 123 86 79 126 105 145 112 94 142 128 
36 38 -1 4 66 92 23 27 9 9 -24 -24 28 65 -36 -15 
46 89 -26 41 120 82 54 18 -11 57 -40 -2 81 68 48 62 
-48 -65 -105 -149 -41 -36 -135 -128 -18 -36 -5 1 -32 -34 47 53 
-4 -2 -8 -1 31 146 80 144 -38 -41 -74 -86 -6 0 -100 -89 
111 131 126 125 102 23 134 184 76 80 26 17 118 169 -26 -55 
-3 54 -51 -11 89 24 23 -23 62 104 -15 37 119 42 127 192 
-12 -136 192 94 -178 -156 -53 -143 140 139 104 97 113 25 103 47 
-27 -46 -45 -46 -104 -130 -56 -28 -7 -57 -97 -94 -49 -4 -105 -138 
94 34 -22 -78 0 -109 -151 -281 -282 -311 -511 -535 -408 -506 -552 -567 
232 41 94 9 20 -4 6 0 -99 -94 -136 -120 -18 -8 -24 -8 
-28 -20 -33 -25 -36 -28 -37 -29 -54 -46 -53 -41 -32 -16 -25 -9 
0 0 0 0 -16 -16 -16 -16 16 16 16 16 0 0 0 0 
-16 -16 -16 -16 -16 -16 -16 -16 0 0 0 0 0 0 0 0 
-16 -16 -16 -16 -16 -16 -16 -16 0 0 0 0 0 0 0 0 
-16 -16 -16 -16 -16 -16 -16 -16 -16 -16 -16 -16 -16 -8 -16 -8 
-13 -3 -9 6 9 24 20 28 8 24 20 38 36 51 57 72 
0 0 4 4 1 13 14 55 20 20 40 35 26 507 521 931 
-160 -152 -115 238 235 360 196 69 159 25 -237 -183 -203 -55 -121 -123 
-115 -128 -84 43 -161 -63 246 334 242 314 247 -133 239 -27 -366 -485 
250 392 371 180 348 336 -116 -370 -322 -516 -372 -191 -546 -586 -25 183 
113 -36 -652 -629 -170 -39 -121 -558 -656 -13 195 212 -32 119 224 227 
-395 -541 -397 -309 -546 -574 -92 111 349 308 306 296 288 286 303 304 
22 158 135 221 264 339 257 225 -3 -6 -16 -16 -6 14 -16 -21 
223 241 -36 -32 302 371 1 -28 10 17 -106 -116 52 45 -133 -144 
-16 -24 11 12 -56 -78 -20 -29 29 30 -21 -43 5 -3 -80 -76 
-134 -211 -40 -37 -224 -227 -35 -33 -8 -7 167 103 -6 -14 89 214 
-168 -336 56 56 -78 102 56 36 -28 -28 110 108 -28 -28 108 108 
-332 -605 45 -31 -598 -582 -155 -268 -27 -20 20 36 -1 -26 49 24 
24 -9 -112 -270 -16 -9 -479 -632 -32 -32 16 16 -32 -41 16 16 
-31 -32 6 2 -29 46 -1 -24 -201 -446 9 12 -762 -1067 12 12 
156 430 -69 -84 820 922 -91 74 -59 -75 -345 -737 -71 -97 -1051 -1119 
14 122 -158 405 226 369 597 693 -456 -345 -78 -74 64 678 -6 75 
646 364 640 635 -114 -528 649 506 613 636 -465 156 634 630 617 634 
-169 -183 25 -473 -242 -246 -661 -738 338 260 -23 -1 -364 -1051 23 -164 
-77 -56 -262 -208 -37 -44 -74 -63 -347 -387 171 -358 -305 -154 -380 -373 
43 41 8 -5 59 65 14 21 54 0 -4 102 10 22 69 67 
95 -63 93 122 -146 -130 -83 -178 1 59 -20 12 55 -98 27 40 
12 8 -63 -78 49 179 -55 -16 -100 -145 -139 -257 -149 -128 -280 -283 
15 137 -154 124 170 161 386 377 -126 1 -48 17 339 517 184 563 
-14 -8 16 22 -22 -52 11 -17 -14 -21 -3 -15 -48 -84 -44 -79 
7 2 48 38 -15 -16 17 16 38 30 -12 -12 8 6 -16 -17 
-8 -4 28 34 -18 -64 31 19 15 14 -26 -26 9 8 -6 -2 
-60 -60 8 8 -76 -76 -8 -8 12 13 12 13 21 24 29 32 
-20 -20 28 28 -20 -14 21 36 24 24 10 15 26 -3 -24 -468 
92 106 275 131 132 129 -133 -289 -34 -205 -96 -62 -219 -209 -74 -80 
-17 -169 -122 -105 -253 -355 -91 -105 -61 -76 -64 -64 -61 -56 -62 -56 
-146 -195 -61 -137 -222 -265 -124 -82 -63 -170 -56 -169 -128 -102 -153 -42 
9 -4 -32 -25 7 22 -31 11 -75 190 609 861 588 811 865 852 
29 44 208 360 92 372 521 807 -16 -21 -23 -35 18 310 9 241 
-11 39 220 253 28 6 170 13 345 344 57 97 389 375 132 114 
144 359 177 -224 -48 292 -120 224 460 427 122 500 131 262 658 402 
-58 -26 -61 -20 1 25 8 24 -40 5 0 16 16 17 16 16 
-32 -82 -28 -92 40 241 39 162 -42 -87 -56 -101 51 139 54 144 
110 56 87 67 0 -56 48 33 22 44 22 38 8 21 36 58 
-191 4 57 52 -53 -163 79 290 69 192 151 295 337 314 478 70 
238 249 -140 -161 286 344 137 328 -571 -535 -432 -419 -530 -162 -423 -212 
181 86 28 -15 6 -37 -47 -68 -50 106 -312 -111 -42 -117 178 65 
38 10 8 -8 -40 -50 -54 -58 -12 -28 10 -34 -75 -76 -80 -80 
-36 -44 -10 -12 -44 -44 -12 -12 0 0 0 0 0 0 0 0 
0 0 0 0 0 0 0 0 0 0 0 0 0 0 0 0 
0 11 0 12 45 54 46 54 0 4 4 7 27 32 24 28 
-18 -14 -12 -14 -11 52 -62 36 -34 -39 -38 -40 -102 -6 -105 -30 
49 167 348 489 422 506 445 236 63 143 -85 -93 41 -20 -85 -103 
-40 -168 -64 -117 -142 -273 -85 -70 22 4 -20 -12 24 78 2 22 
87 124 140 77 112 104 43 37 59 35 -60 -19 31 4 -36 -62 
51 7 18 -19 -16 -5 -17 75 13 -13 16 13 -13 15 27 38 
-20 -9 20 -29 8 8 -2 0 -13 -13 -24 -12 8 16 7 16 
-16 -12 -16 -12 4 16 4 16 -16 -12 -16 -13 4 8 -1 8 
24 24 0 -4 26 28 -4 -4 -20 -24 -6 -12 -24 -24 -12 -12 
36 36 4 4 43 48 20 43 -20 -20 0 0 -7 18 -14 -12 
61 57 40 30 44 41 24 18 14 -2 -10 -14 -7 -18 -16 -24 
8 16 14 44 34 40 60 64 -4 26 -8 0 38 40 12 12 
8 8 32 32 8 10 32 32 8 8 -20 -20 8 9 -20 -12 
16 16 8 8 32 32 24 24 -23 -21 -45 -33 -2 4 -14 -8 
32 36 30 27 54 63 46 57 5 -35 -13 -60 -48 -40 -108 -116 
15 42 23 51 83 108 81 117 -29 3 -100 -76 39 65 -48 -16 
-16 -25 4 -4 -35 -43 4 14 -20 -88 -149 -158 -102 -100 -140 -128 
9 0 10 4 -20 -22 -10 -17 -14 -12 33 36 -3 -4 40 40 
-25 -42 59 26 -24 32 24 49 21 -4 27 7 -12 22 21 52 
11 5 -2 -17 0 -9 -17 -22 5 0 31 24 5 -2 21 13 
-2 0 -40 -35 -3 -3 -42 -42 1 33 26 67 14 4 77 76 
46 62 16 65 84 93 72 72 -36 -11 16 15 8 7 23 10 
16 3 -28 -50 -15 -36 -71 -100 -16 -39 -20 -56 -52 -88 -70 -84 
-15 -9 -78 -81 16 58 -102 -151 -78 -86 -44 -48 -100 -120 -62 -82 
80 73 -58 -63 75 133 -40 28 -51 -55 -119 -139 -24 3 -150 -149 
115 95 88 81 6 -5 98 46 52 97 31 12 79 18 90 113 
-46 -74 4 -33 -74 -166 -9 -1 -43 -74 -65 -102 28 140 9 36 
-52 -44 109 55 -76 -193 -65 -179 121 -19 22 -30 -288 -486 -218 -473 
44 27 40 24 17 12 16 12 40 24 48 30 16 16 16 16 
-8 -27 -8 -21 -44 -52 -33 -49 0 0 8 10 5 -28 16 -12 
-2 -4 4 4 -4 -7 0 -4 24 24 36 32 10 0 23 5 
6 -1 8 -11 -3 0 0 0 27 16 32 32 11 16 16 16 
16 16 16 16 0 0 0 0 32 24 32 24 4 0 4 0 
0 0 0 0 -4 -13 0 0 0 0 0 0 0 0 0 0 
-28 -28 4 4 -26 -7 -1 10 16 8 16 8 4 40 12 58 
1 23 18 39 51 60 65 77 51 80 84 94 101 99 107 278 
-78 -54 -46 359 179 -214 43 -152 320 280 492 447 98 97 311 -63 
-221 111 122 147 166 -119 -315 -476 61 -414 -330 -354 -458 -8 147 166 
-227 -295 218 551 -86 186 644 621 10 7 19 14 6 14 12 -59 
79 116 113 107 117 118 100 112 141 96 -221 -445 5 -410 -261 -734 
80 84 363 185 77 82 -61 -318 -146 -253 23 16 -235 -239 41 39 
-35 -207 -154 -203 -446 -567 -241 -248 -69 -92 -39 -56 -95 -86 -62 -24 
-64 -153 -16 -3 -278 -367 -15 -16 4 0 60 48 0 0 60 53 
-19 -36 -16 -25 -55 -64 -53 -51 0 -6 37 34 -41 -6 154 619 
-304 -305 -308 140 -40 214 78 -314 323 -64 -50 -98 -326 -337 -201 -272 
-364 -498 31 31 -492 -489 32 32 32 32 -8 -59 32 28 -76 -80 
105 159 36 0 262 420 -23 -13 11 -11 28 18 -11 -12 -4 -11 
93 305 -12 -12 430 578 -8 53 -16 -17 -8 -8 -27 -28 -43 -50 
16 19 219 503 11 11 777 1025 -36 -65 -66 -79 -69 32 -75 -80 
16 16 -31 -37 16 16 -32 -32 307 720 -81 -87 1034 1060 19 336 
16 26 16 16 -32 -415 18 25 17 16 256 493 16 16 499 498 
-101 -468 48 -284 -536 -554 -999 -1386 16 16 16 16 1 -385 16 5 
-86 -159 -121 -141 36 753 -73 83 -107 -104 -53 -276 -132 -260 -950 -1091 
204 245 -325 281 242 209 478 423 -359 -435 -197 -196 -78 480 -192 -222 
-4 -660 -17 4 -1469 -1324 -108 -739 2 33 519 894 88 99 898 920 
-193 -114 -15 -54 -98 -92 -53 -22 400 -67 1062 447 -105 -79 -152 -190 
-1 -2 23 -9 4 12 -12 -10 69 20 129 29 8 5 59 21 
-10 -253 -26 -147 -276 -367 -289 -229 -9 -57 -7 -16 -186 -187 -44 -144 
67 -58 121 213 -124 -14 245 292 76 102 -12 48 42 -52 14 -120 
46 39 162 15 80 54 46 48 -40 102 -228 58 45 48 73 48 
-16 -16 -16 -16 -16 -16 -16 -16 -16 -16 -16 -16 -16 -16 -16 -12 
-32 -32 -32 -31 -16 -5 -8 7 -31 -12 -12 0 4 38 5 50 
0 1 9 17 14 24 34 -46 40 66 43 -76 -97 -514 -556 -603 
114 261 -58 -119 67 -86 -34 132 -125 -60 99 184 79 340 274 497 
11 12 4 -1 -3 -4 -42 -46 -17 -33 -62 -64 -62 -60 -64 -64 
-8 -4 -30 -24 10 16 -8 4 19 24 4 4 40 49 18 26 
28 -73 55 -6 -164 508 -96 343 64 18 40 16 -9 10 15 -47 
-57 -53 -69 -64 -43 -33 -69 -64 -188 -85 -552 -114 -82 -80 -82 -80 
-43 -60 -62 -72 -57 -34 -68 -44 -64 -72 -66 -74 -68 -48 -76 -59 
-16 59 -30 58 7 -108 11 -343 -76 13 -103 -15 -34 -547 3 -592 
-470 -261 -162 6 -102 -439 116 -187 113 253 420 573 305 75 580 356 
3 0 -10 0 16 16 16 16 -12 0 4 0 16 16 16 16 
-64 -141 -64 -115 -91 12 -35 95 -60 -64 -40 -2 40 175 175 292 
7 22 46 66 19 46 66 78 50 80 96 133 114 146 185 203 
-31 206 79 303 186 -1048 -606 -1264 215 -39 235 -1095 -1236 -1296 -1300 -1296 
-92 -92 -101 -96 -91 -51 -96 -107 -104 -96 -104 -96 -86 -52 -51 45 
113 151 52 160 68 -15 181 73 76 147 129 197 113 83 154 138 
34 -138 88 28 -100 -48 -244 -180 141 244 46 168 -341 -290 -242 -146 
0 0 2 0 16 16 16 20 11 12 58 72 28 34 84 84 
4 4 19 20 4 10 20 25 34 36 68 66 37 46 65 70 
-12 -10 8 8 -2 -5 8 5 32 32 59 61 32 32 62 66 
-45 -21 -29 5 26 23 42 7 -6 0 28 36 2 2 65 73 
10 13 4 4 13 4 4 4 12 12 44 44 12 12 44 48 
-31 -16 -40 -28 -2 18 -12 12 -21 -7 21 33 9 33 49 62 
28 32 33 36 32 32 36 36 52 52 68 68 52 52 68 68 
1 7 7 17 20 41 33 42 20 33 42 50 40 58 65 75 
-32 -28 -48 -44 -10 0 -28 -16 -29 -24 -1 3 -8 10 15 32 
-32 -30 -41 -40 -24 -24 -40 -40 -10 -4 22 24 -4 -7 26 27 
-24 -24 -48 -48 -24 -20 -48 -40 -28 -36 10 8 -36 -36 6 4 
-2 0 -16 -10 -16 -27 -16 -20 -28 -28 0 0 -28 -28 0 0 
-26 -1 -28 0 -4 -4 0 0 -16 -4 0 0 0 0 0 0 
-16 -16 -12 -14 -16 -16 -16 -14 8 8 21 24 -2 0 34 36 
-12 -12 3 4 -12 -6 4 4 18 20 32 32 20 20 40 40 
15 24 16 17 30 26 16 10 32 34 32 36 28 -6 28 0 
-19 -35 -38 -44 -72 -80 -69 -77 -48 -48 -40 -40 -52 -52 -40 -40 
-62 -55 -52 -52 -53 -61 -52 -58 -15 -16 -2 -4 -16 -16 0 0 
-27 2 -38 -2 16 16 16 16 4 5 43 44 22 39 52 53 
22 24 16 12 24 23 10 19 28 16 44 41 14 56 60 110 
19 18 21 33 24 41 28 42 61 68 124 117 72 80 117 136 
24 22 2 3 10 20 25 41 -44 -44 81 94 -35 13 104 135 
-15 40 -46 1 84 81 44 38 -14 7 14 -17 10 -19 -65 -111 
15 4 17 -2 -3 -39 -12 -53 21 -15 -12 21 -43 -98 21 -85 
6 -29 -22 -38 -26 -28 -4 2 -64 -101 -59 -15 -134 -66 -114 -184 
-26 -20 -16 -54 -47 -82 -109 -119 53 44 -63 1 -87 -125 -28 -152 
-56 -42 -62 -33 4 46 25 81 -73 -7 -106 -44 11 52 -27 1 
38 40 97 100 60 157 85 87 65 64 0 -8 43 34 -28 -23 
95 84 -34 -112 103 73 -161 -202 4 -72 -20 -87 -142 -207 -131 -167 
-18 -135 -37 -129 -284 -438 -176 -199 -61 -80 -20 -32 -89 -88 -68 -76 
39 17 40 20 -12 -16 -9 -12 39 36 88 88 34 33 92 84 
-20 -19 -13 -12 -16 -31 -12 -15 8 4 33 24 4 1 24 17 
-6 -19 12 -9 -28 -42 -12 -26 28 7 44 26 4 -9 24 10 
0 0 3 0 -16 -16 -16 -16 25 1 57 30 0 0 9 8 
0 0 1 0 -16 -16 -16 -16 23 10 32 24 0 0 4 0 
-16 -16 -16 -16 -16 -16 -16 -16 0 0 0 0 0 0 0 0 
-16 -16 -12 -5 9 66 34 114 8 42 18 70 153 219 187 219 
-41 -125 0 -80 -234 88 -187 386 -7 -95 -60 -99 -2 661 517 686 
-44 183 165 -85 -74 -187 -504 -113 -55 -509 -366 -137 -226 164 155 192 
-319 91 109 105 140 109 108 -30 117 104 103 -441 -207 -602 -654 -641 
35 -80 -225 -522 -508 -726 -571 -489 -4 0 69 88 20 61 98 93 
-87 296 -16 301 -114 -182 -124 -47 187 160 340 93 22 48 56 56 
-83 -78 -5 -1 -32 38 32 19 -52 -52 -56 -56 -58 -81 -56 -60 
19 28 -7 -8 15 28 -11 -28 -10 -20 30 22 -20 -20 10 8 
121 98 97 68 62 37 46 26 80 66 56 30 32 15 14 346 
-209 -192 -109 375 279 -67 -69 -120 294 16 108 -56 -84 -76 -36 -36 
-43 -34 -39 -4 -2 10 32 16 -60 -27 -63 -27 9 53 0 31 
-5 -18 -44 -52 -24 -28 -58 -66 14 -35 8 7 -82 -93 -31 -84 
89 84 54 40 0 -92 21 10 12 4 -19 -38 -4 -22 -56 -68 
-74 -83 71 -12 -78 -87 -53 -61 64 47 64 40 26 28 9 -18 
-68 -76 -32 -54 -76 -76 -51 -53 -36 -44 -65 83 -76 136 569 347 
-112 -106 -120 42 -129 -89 440 421 430 353 101 -61 -55 -109 -87 -110 
249 552 -329 -493 701 1017 -503 -251 21 29 26 24 24 19 28 9 
74 72 296 444 72 70 444 444 -320 -28 -64 71 651 812 69 901 
9 32 8 20 -57 -711 23 32 8 8 53 36 10 30 58 64 
-170 -176 321 -427 -181 -285 -539 -614 336 148 28 35 -557 -888 -48 -906 
67 785 -113 -2 1221 1222 235 1152 -157 -60 56 161 -35 313 214 -123 
526 548 520 514 -78 -712 516 -317 547 515 75 489 519 410 514 530 
76 -60 39 -236 10 -18 -134 -138 65 -274 699 -332 -295 -213 -288 -323 
-24 -17 -54 -50 3 -20 -31 -11 -10 -16 10 -17 -1 30 -9 24 
-98 0 49 -93 -6 -38 -49 -7 133 -79 213 11 12 72 20 84 
-24 33 -50 -100 101 -20 79 14 -45 -123 -96 -173 43 63 70 84 
0 0 1 4 0 0 4 4 17 20 19 28 20 20 28 28 
-15 1 -9 8 15 37 24 54 7 21 18 37 39 68 62 73 
0 -167 -60 -286 0 -8 -35 -53 -40 -267 -344 -284 -49 -64 -23 -64 
-27 -5 -37 -4 25 -126 45 -133 -40 -4 -40 -4 48 -118 48 -97 
-116 -32 -218 -103 0 0 -21 -4 -250 -219 -206 -283 -57 -10 -184 -50 
12 8 -6 -12 9 13 -12 -12 -14 -16 -32 -32 -16 -16 -32 -24 
17 8 0 0 8 -58 0 -57 0 0 -11 -7 0 -39 -1 -8 
-47 461 -236 153 296 64 268 40 -216 -287 -206 -449 161 -28 -9 -58 
-36 -44 -44 -44 -37 100 -25 33 -15 -8 42 41 19 48 45 85 
-72 -42 -93 -49 24 2 24 -162 -216 -119 -323 -199 3 -263 -64 -206 
-24 -32 -36 -38 -40 4 -77 -6 -66 -66 -65 -84 -207 -46 -248 -52 
-1 -4 15 16 9 8 30 34 0 -4 10 6 3 12 8 28 
21 18 66 81 91 111 137 155 72 97 106 154 151 177 201 228 
47 123 175 265 23 -55 128 -351 234 325 241 291 215 -1351 -351 -1636 
226 -429 -455 -459 -407 -400 -401 -392 -438 -414 -425 -396 -394 -382 -384 -368 
-34 -109 -24 -62 -82 110 111 322 -7 61 103 299 300 495 535 643 
35 91 36 86 26 38 56 42 98 110 202 188 86 66 146 10 
146 -151 333 -803 -41 -51 -173 -203 -28 -1088 -260 -257 -142 -258 677 128 
-91 -287 -27 -148 -272 -248 -172 -22 -34 153 -16 189 93 170 223 259 
-5 0 15 17 12 18 20 32 29 67 83 115 67 74 80 84 
28 33 79 88 72 138 97 168 208 212 104 69 242 245 34 20 
83 85 136 149 94 99 255 259 49 167 -75 -73 234 28 -31 -62 
-95 -125 268 124 -128 -36 58 60 294 135 200 110 40 -20 49 -12 
-102 -148 -10 -73 -136 -140 -116 -128 -6 4 -3 0 -40 -50 -27 -9 
-136 -136 -125 -120 -136 -130 -120 -116 -25 4 11 21 27 24 40 44 
-3 2 4 6 8 11 13 15 -35 -39 12 21 -18 -10 38 45 
19 21 15 24 19 28 12 20 -6 6 53 62 -8 -9 56 54 
-34 -32 10 4 -20 -17 -14 -16 50 32 106 88 12 8 62 56 
20 24 6 6 22 16 12 11 0 -8 -8 -8 -6 0 -16 -11 
-2 -4 -2 -8 -4 -4 -8 -6 7 8 7 8 8 8 8 8 
-8 -8 -12 -12 -8 0 -12 -10 0 0 8 8 0 0 8 8 
20 28 11 12 32 33 12 7 -12 -12 -14 -14 -12 -19 -6 -4 
8 0 8 0 16 16 8 8 8 0 68 68 4 3 68 68 
0 0 0 5 -16 -20 -9 -19 -4 29 68 106 35 17 122 188 
-24 -24 -16 -16 -24 -28 -16 -10 34 40 108 114 40 52 116 122 
-14 -20 45 56 -12 -12 61 53 82 131 25 -7 98 39 -84 -142 
-52 -52 -8 -8 -52 -46 -8 -9 32 32 96 84 32 32 93 104 
27 26 2 -3 38 94 16 51 -6 -8 22 24 4 33 4 -4 
45 35 26 68 41 92 122 149 21 46 20 36 115 210 51 142 
-2 36 20 54 74 45 132 181 92 99 133 222 170 261 258 332 
30 14 144 62 -42 -98 9 -73 272 215 366 320 151 11 257 67 
-31 -65 -43 -114 -26 -37 -133 -118 105 86 33 -30 31 -132 -32 -147 
10 144 57 307 12 -101 134 -94 -52 -44 -55 -33 86 114 87 134 
-65 -100 -57 -109 -86 -113 -72 -85 -29 -83 116 -16 -92 -106 -95 -107 
-69 -56 -71 -81 -66 -75 -79 -94 -82 -79 -42 -41 -65 -57 -35 -30 
-8 -8 -32 -32 -8 -8 -32 -40 3 -18 36 33 -26 -44 39 16 
0 -11 -18 -16 -16 -25 -22 -24 -22 -24 -9 -24 -41 -44 -38 -40 
-2 -32 0 -32 -49 -52 -20 -12 -16 -16 -16 -16 -16 -16 -16 -16 
8 8 0 0 16 16 16 16 4 6 68 64 28 28 42 39 
9 -3 16 7 -4 -15 0 -8 24 16 30 20 1 0 12 0 
8 -16 9 -16 -16 -24 -16 -24 36 15 48 52 -12 -22 33 0 
30 16 32 21 -16 -20 -5 -8 28 30 36 32 24 20 36 39 
12 -1 14 14 -12 -26 4 -8 28 8 46 31 0 -3 19 9 
-6 5 10 12 -9 -16 7 -13 0 0 6 4 0 -6 4 4 
-78 -35 -88 -62 13 45 -14 6 -68 -47 -40 -14 3 36 35 76 
34 139 33 458 506 -98 439 -170 197 666 416 865 202 153 182 321 
-128 144 131 109 154 93 59 -191 144 79 155 -271 -387 -270 -520 -270 
46 -178 -173 -173 -179 -133 -125 -44 -132 -135 -120 -107 -88 -4 -72 -4 
-16 14 0 11 -6 -21 9 120 12 18 20 23 36 306 76 363 
165 -159 42 -177 -167 -168 -171 -164 -58 -154 -76 -79 -130 -128 -67 -68 
24 24 32 32 24 24 32 32 -64 -64 -4 -4 -64 -64 0 0 
16 6 32 20 -38 -48 -30 -42 49 25 118 73 -4 -16 17 10 
-56 -96 -56 -33 94 236 404 14 -65 305 105 336 109 36 36 58 
-7 -29 2 9 -38 -43 -14 -16 58 41 86 58 10 -4 37 26 
-47 -8 -17 -19 -30 7 -29 11 11 11 41 59 -16 21 25 38 
22 8 24 8 0 -37 0 -36 24 8 33 16 0 -32 4 -22 
10 1 20 28 2 -14 11 -18 32 41 40 50 39 -19 47 252 
-68 -103 -82 -104 -176 -119 139 409 -10 508 513 9 222 -66 16 99 
255 158 -125 -161 -235 -234 -232 -224 -109 -162 -110 -274 -232 -179 -228 -227 
171 -18 47 66 -33 -119 -51 60 -110 129 48 -57 -143 22 -12 -146 
-28 -40 5 -35 -20 -29 -31 -49 93 1 29 -53 -22 -38 -19 -35 
-126 -20 -138 -154 -66 -46 -23 -169 -83 -174 -76 -169 -21 -268 -112 -290 
-55 480 -505 9 478 459 672 638 -383 -506 -328 -433 252 795 -421 622 
48 38 48 48 13 -18 32 16 50 48 45 45 42 28 25 28 
267 -24 1110 -38 -148 32 -267 71 1353 564 1356 1245 -361 -36 -208 -100 
-76 912 -268 418 607 250 629 289 -235 -473 -234 -640 530 301 75 312 
188 -588 208 117 -535 -188 -593 -283 188 516 190 565 -558 -343 -390 -305 
66 10 1 19 -7 19 -9 8 -94 -46 60 243 -55 -54 260 280 
42 -165 7 -122 -270 -268 -332 -338 45 -85 96 10 -276 -282 -160 -184 
-98 -90 -154 -112 18 -26 31 -18 -205 -140 167 245 129 26 154 44 
-9 0 4 4 0 6 4 10 22 20 50 48 20 26 48 48 
-6 23 2 27 56 -43 51 -343 13 17 16 16 18 -450 16 -445 
-211 -65 -216 -165 28 -16 9 5 -237 -180 -202 -146 -122 -11 -180 -199 
32 1 38 -2 -36 -67 49 453 45 188 37 738 758 804 839 818 
15 102 45 45 126 111 -69 -257 -50 -74 -38 -56 -149 -229 -106 -175 
10 0 59 -6 0 -7 2 -8 325 3 517 159 2 -7 -6 -8 
-37 -30 -55 -64 -11 9 -56 -40 -56 -64 -56 -64 -64 -64 -67 -68 
-20 -57 -37 -58 287 778 -46 698 -60 -47 -64 -57 -62 433 -70 94 
55 58 39 56 72 95 73 85 34 45 -7 -7 26 16 2 60 
-97 -49 -120 -73 -96 118 -164 337 -244 -272 -199 -154 -441 126 -249 641 
-18 -58 -34 -72 -84 16 -152 16 -77 -82 251 -86 -176 9 -227 23 
-4 -6 -12 -18 8 32 8 40 -30 -40 -32 -39 -30 -4 44 171 
-52 15 -101 -7 45 64 90 182 -213 -96 24 -83 -21 207 -108 2 
405 950 460 394 76 196 -203 87 550 -269 146 -711 -277 15 -367 -42 
8 32 -43 -22 46 133 -8 121 -64 -39 -76 -32 22 204 147 441 
30 91 12 64 167 172 131 258 -7 39 53 129 113 247 202 186 
-79 184 117 289 291 -165 22 -503 279 156 275 -336 -460 -450 -447 -391 
-161 -242 -49 -49 -139 71 115 245 72 189 259 432 324 383 525 485 
69 -44 390 190 -122 -51 -175 -233 398 195 441 -118 -229 -319 -173 -252 
152 70 -82 -84 -6 -2 -60 -40 -201 -182 -171 -206 -136 -124 -200 -184 
-8 -24 31 26 -51 -94 -8 -70 30 22 41 42 -16 -63 22 -7 
-97 -132 -83 -107 -140 -166 -136 -165 -42 -50 -37 -64 -86 -112 -96 -120 
-62 21 -88 -16 48 36 45 50 -103 -40 -137 -38 56 60 36 36 
-17 -17 22 83 -11 10 98 55 44 92 39 90 85 34 59 19 
-9 -16 -4 -16 -28 -28 -32 -32 -3 -16 -6 -16 -32 -32 -32 -32 
-14 19 -16 21 36 62 61 87 -23 13 -22 -6 52 81 17 47 
2 9 16 16 0 -4 -2 -10 -8 -8 -36 -34 -25 -37 -45 -63 
54 36 48 36 -4 -16 -4 -16 23 18 16 18 4 4 28 28 
-32 -32 -28 -17 -24 -10 19 34 6 22 42 48 44 48 56 64 
35 40 47 48 40 40 48 48 40 40 39 44 40 40 44 51 
4 -7 9 -2 -6 2 -4 4 15 12 39 44 16 24 49 65 
-10 -8 28 40 14 17 60 67 58 86 88 108 124 172 148 200 
-82 -88 -23 -40 -88 -76 -49 -46 19 114 7 57 -16 -26 -19 -43 
30 72 -11 45 95 156 87 31 11 -56 -25 -46 -39 -23 -71 -85 
-42 -71 -95 -116 -90 -45 -91 -52 -47 -84 -8 -10 -69 -58 -21 -20 
44 -6 60 28 -78 -91 -3 0 26 19 -12 -12 16 20 -12 -12 
-63 -54 -18 31 22 81 74 96 -4 16 24 18 28 41 33 63 
44 -4 40 -2 -27 -54 -19 -15 17 4 16 9 -3 26 20 70 
-44 -68 -7 -49 -73 -27 -99 -85 22 -15 113 104 105 180 304 523 
-90 -3 -184 -71 9 -49 39 -3 -121 -118 226 50 6 29 10 55 
-59 7 -14 22 86 44 65 73 25 121 90 187 78 10 185 88 
-103 -142 -38 -27 -122 -80 -54 -88 -98 -104 35 215 2 309 292 480 
1 -11 -5 -35 -137 -184 -160 -202 217 37 113 16 -121 -180 -127 -156 
-130 -39 -149 -52 -14 26 -20 -25 -128 -28 -85 8 -6 -11 8 0 
46 4 37 5 -16 -28 -15 -28 32 26 32 32 4 -19 29 3 
0 5 0 0 19 104 -2 77 8 8 24 24 9 13 24 24 
16 -57 89 22 -67 -63 16 5 21 15 16 8 11 13 -20 -24 
-2 -16 36 -5 -16 -16 -14 -16 67 38 48 48 26 -2 48 47 
48 48 48 48 30 25 32 28 48 48 56 50 36 26 53 34 
2 -10 8 0 -30 -33 1 26 4 3 53 58 55 393 177 514 
56 85 -23 19 122 66 71 39 154 129 -73 -196 23 -128 -139 -134 
-75 -110 93 2 -105 -100 -89 -96 109 23 209 19 -79 -81 -63 -80 
18 7 26 17 -7 -15 1 -9 40 23 44 34 10 1 18 10 
