1472 1472 1512 1512 1472 1472 1512 1506 1680 1680 1728 1728 1680 1688 1728 1728 
-96 -96 -65 -68 -96 -96 -74 -79 108 106 160 160 101 106 160 160 
-8 -8 -3 -4 -8 -8 -8 -10 -12 -12 6 4 -12 -14 4 4 
-8 -8 -18 -24 -8 -16 -24 -32 -69 -164 7 -27 -189 -196 -52 -60 
-68 -80 -68 -80 -80 -80 -80 -80 -60 -72 -72 -86 -72 -68 -98 -117 
-48 -48 -42 -42 -48 -48 -47 -48 -10 -16 28 0 -30 -32 -20 -24 
0 0 0 0 0 0 0 0 0 0 0 0 0 0 0 0 
0 0 0 0 0 0 0 0 0 0 0 0 0 0 0 0 
0 0 0 0 0 0 0 0 0 0 0 0 0 0 0 0 
0 0 0 0 0 0 0 0 0 0 0 0 0 0 0 0 
0 0 0 0 0 0 0 0 0 0 0 0 0 0 0 0 
0 0 0 0 0 0 0 0 0 0 0 0 0 0 0 0 
0 0 0 0 0 0 0 0 0 0 0 0 0 0 0 0 
0 0 0 0 0 0 0 0 0 0 0 0 0 0 0 0 
0 0 0 0 0 0 0 0 0 0 0 0 0 0 0 0 
0 0 0 0 0 0 0 0 0 0 0 4 0 0 20 24 
0 0 0 0 0 0 0 0 0 0 2 0 0 0 -8 -8 
0 0 0 0 0 0 0 0 0 0 -4 -4 0 0 0 0 
0 0 0 0 0 0 0 0 0 0 0 0 0 0 0 0 
0 0 0 0 0 0 0 0 0 0 0 0 0 0 0 0 
0 0 0 0 0 0 0 0 0 0 -2 -4 0 0 -4 -4 
0 0 0 0 0 0 0 0 0 0 0 0 0 0 0 0 
0 0 0 0 0 0 0 0 0 0 0 0 0 0 0 0 
0 0 0 0 0 0 0 0 0 0 6 8 0 0 8 8 
0 0 0 0 0 0 0 0 0 0 8 8 0 0 8 8 
0 0 0 0 0 0 0 0 0 0 8 8 0 0 8 8 
0 0 0 0 0 0 0 0 0 0 8 8 0 0 8 8 
0 0 0 0 0 0 0 0 0 0 16 16 0 0 16 16 
0 0 0 0 0 16 0 16 0 0 16 16 0 8 16 24 
36 48 36 48 48 48 48 48 36 48 42 52 48 48 66 68 
16 16 16 16 16 16 16 16 16 16 22 20 16 16 24 24 
16 16 16 16 16 12 16 12 16 16 37 38 16 12 34 29 
-8 -16 -8 -16 -16 -16 -16 -16 -8 -16 8 -4 -16 0 -15 -6 
-16 -16 -7 -4 -16 -16 -4 -5 23 32 26 36 32 31 48 46 
-16 -16 -10 -12 -16 -16 -16 -16 14 8 38 32 0 0 17 16 
-16 -16 -16 -16 -16 -16 -16 -16 0 0 16 16 0 0 16 16 
-16 -16 -16 -16 -16 -16 -16 -16 0 0 16 16 0 0 16 16 
-16 -16 -16 -16 -16 -16 -16 -16 0 0 16 16 0 0 16 16 
-16 -16 -16 -16 -16 -16 -16 -16 0 0 16 16 0 0 16 16 
-16 -16 -16 -16 -16 -16 -16 -16 0 0 21 24 0 0 24 24 
-16 -16 -16 -16 -16 -16 -16 -16 0 0 21 24 0 0 24 24 
-16 -16 -16 -16 -16 -16 -16 -16 0 0 21 24 0 0 24 24 
-16 -16 -16 -16 -16 -16 -16 -16 0 0 21 24 0 0 24 24 
-16 -16 -16 -16 -16 -16 -16 -16 0 0 21 24 0 0 24 24 
-16 -16 -16 -16 -16 -16 -16 -16 0 0 21 24 0 0 24 24 
-16 -16 -16 -16 -16 -16 -16 -16 0 0 21 24 0 0 24 24 
-16 -16 -16 -16 -16 -16 -16 -16 0 0 21 24 0 0 24 24 
-16 -16 -16 -16 -16 -16 -16 -16 0 0 21 24 0 0 24 24 
-16 -16 -16 -16 -16 -16 -16 -16 0 0 21 24 0 0 24 24 
-16 -16 -16 -16 -16 -16 -16 -16 0 0 21 24 0 0 24 24 
-16 -16 -16 -16 -16 -16 -16 -16 0 0 21 24 0 0 24 24 
-16 -16 -16 -16 -16 -16 -16 -16 0 0 21 24 0 0 24 24 
-16 -16 -16 -16 -16 -16 -16 -16 0 0 8 8 0 0 0 0 
-16 -16 -16 -16 -16 -16 -16 -16 0 0 0 0 0 0 0 0 
-16 -16 -16 -16 -16 -16 -16 -16 0 0 0 0 0 0 0 0 
-16 -16 -16 -16 -16 -16 -16 -16 0 0 23 24 0 0 17 16 
-16 -16 -16 -16 -16 -16 -16 -16 0 0 1 35 0 0 6 18 
-16 -16 -16 -16 -16 -16 -16 -16 0 0 14 7 0 0 10 3 
-16 -16 -16 -16 -16 -16 -16 -16 0 0 14 7 0 0 22 24 
-16 -16 -16 -16 -16 -16 -16 -16 0 0 16 14 0 0 0 0 
-16 -16 -16 -16 -16 -16 -16 -16 0 0 -17 -14 0 16 11 30 
-16 -16 -4 -4 -16 -16 -4 -5 36 48 52 65 48 71 73 91 
-16 -16 9 12 -16 -16 12 8 76 92 104 116 92 96 116 116 
-16 -16 5 4 -16 -16 0 -2 12 8 29 28 8 10 24 24 
-16 -16 0 -4 -16 -16 -4 -5 16 16 18 16 16 18 32 48 
-16 -16 -6 -3 -16 -16 18 14 20 10 2 -34 -23 -19 -100 -116 
-16 -16 22 20 -16 -16 20 14 6 12 -34 -215 16 42 -252 -248 
-16 -16 14 16 -16 -16 33 26 35 59 -184 -187 73 92 -217 -228 
-16 -16 47 41 -16 -16 20 10 -59 -64 39 42 -91 -98 105 116 
-16 -16 14 16 -16 -16 16 10 15 16 36 36 16 10 36 39 
-16 -16 26 26 -16 0 14 22 -24 -51 53 65 -115 -104 102 128 
48 64 79 92 64 64 92 88 23 40 100 116 40 50 116 116 
-16 -16 14 12 -16 -16 12 8 -42 -40 -8 -15 -40 -30 -10 -8 
-16 -16 14 12 -16 -16 12 8 -42 -40 3 5 -40 -30 10 12 
-16 -16 14 12 -16 -16 12 8 -42 -40 12 13 -40 -1 16 46 
-16 -16 34 36 -16 -36 36 49 70 96 138 172 96 103 147 148 
-127 -148 67 74 -140 -140 82 84 134 135 -120 -127 129 134 -92 -88 
16 16 16 16 16 16 16 0 -52 -38 16 -15 -24 -22 38 71 
2 0 -34 -44 0 0 -44 -46 -28 -37 99 58 -44 -38 60 74 
0 0 -58 -60 4 4 -50 -48 -16 -33 117 153 17 36 220 240 
-9 0 -176 5 0 -4 7 -4 -1480 -737 -2360 -1200 6 -4 -27 -32 
12 8 8 0 8 8 0 0 8 0 -23 -32 0 4 -32 -54 
0 0 6 8 0 -10 4 -19 -10 -8 -125 -152 -20 -45 -144 -150 
18 -9 27 -7 -54 -80 -69 -84 28 -7 9 -11 -79 -84 -66 -67 
44 20 24 16 0 -4 4 0 -9 -10 -25 -16 0 0 0 0 
0 0 -4 -4 0 0 -4 -4 0 0 -8 -8 0 -4 -6 -7 
0 0 0 0 0 0 0 0 8 0 8 -6 0 -16 -30 -49 
0 0 -9 -10 0 0 -8 -8 -55 -62 -62 -64 -34 -28 -40 -32 
0 0 0 0 0 0 0 0 -16 -16 -12 -12 0 0 -18 -20 
0 0 0 0 0 0 0 0 0 0 0 0 0 -15 0 -17 
0 0 4 2 0 0 -4 -8 -74 -83 -48 -58 -37 -28 -43 -40 
0 0 0 0 0 0 0 0 -16 -16 -9 -6 0 0 1 0 
0 0 0 0 0 0 0 0 0 0 -4 -6 0 0 -12 -16 
0 0 0 0 0 0 0 0 0 0 -8 -7 0 0 -2 0 
0 10 0 -11 46 49 -54 -50 0 -10 0 -11 -50 -66 -54 -49 
29 8 -22 -20 -28 -30 -45 -40 -42 -42 25 27 -35 -24 -20 -35 
7 8 -4 0 16 16 18 20 6 8 -42 -58 6 6 -82 -93 
0 0 0 0 0 0 0 0 -10 0 -81 -29 0 0 -6 -4 
0 0 0 -2 0 -4 -14 -18 0 3 0 -4 27 34 -28 -22 
-20 -24 -21 -20 -24 -24 -20 -20 17 16 20 29 16 15 32 28 
-16 -16 -16 -16 0 0 0 0 2 0 12 8 0 0 8 8 
0 0 0 0 0 8 0 -4 0 0 0 4 0 8 18 37 
17 20 -8 -12 20 26 -12 5 23 28 64 72 28 42 76 64 
6 12 22 36 12 12 36 36 28 36 -6 -16 36 40 -24 -27 
28 28 52 52 28 28 52 52 35 36 -35 -32 36 40 -32 -36 
28 28 52 52 28 34 52 52 35 36 -8 0 36 38 0 8 
45 48 64 64 48 50 64 64 46 48 42 53 48 48 46 44 
16 16 32 32 16 18 32 32 16 16 14 12 16 16 6 16 
13 10 16 13 -1 -7 3 1 16 20 -5 4 46 56 30 40 
-73 -75 -51 -55 -70 -54 -59 -47 31 28 36 37 30 32 30 28 
57 67 87 98 70 71 89 88 20 17 0 0 18 20 0 0 
-10 -18 8 5 -47 -52 17 36 20 13 0 -3 -45 -77 -4 -1 
-35 -26 54 45 2 16 -15 -20 -87 -92 11 12 -90 -70 4 0 
62 62 77 65 48 49 64 49 62 64 59 55 53 48 48 39 
6 8 -28 -28 8 10 -28 -28 0 0 -12 -12 0 0 -12 -12 
6 8 -28 -28 8 10 -28 -28 -4 -4 -12 -12 -4 -4 -12 -12 
6 8 -28 -28 8 10 -28 -28 -4 -4 1 4 -4 -4 4 4 
6 8 -28 -28 8 18 -28 -20 -4 -4 4 4 -4 4 4 10 
25 28 0 4 28 32 4 4 24 28 19 20 28 28 20 20 
28 28 4 4 28 32 4 4 28 28 20 20 28 28 20 20 
28 28 4 4 28 32 4 4 28 28 20 20 28 28 20 20 
28 28 4 4 28 32 4 4 28 28 20 20 28 28 20 20 
28 28 4 4 28 32 4 4 28 28 20 20 28 28 20 20 
28 28 4 4 28 32 4 4 28 28 20 20 28 28 20 20 
28 28 4 4 28 32 4 4 28 28 20 20 28 28 20 20 
28 28 4 4 28 32 4 4 28 28 20 20 28 28 20 20 
28 28 4 4 28 32 4 4 28 28 20 20 28 28 20 20 
28 28 4 4 28 32 4 4 28 28 20 20 28 28 20 20 
28 28 4 4 28 32 4 4 28 28 20 20 28 28 20 20 
28 28 4 4 28 32 4 4 28 28 20 20 28 28 20 20 
28 28 4 4 28 24 4 4 28 28 5 39 28 28 52 28 
16 0 44 24 -12 -16 8 0 64 48 67 64 32 28 50 -306 
-36 -36 -60 -60 -36 -36 -60 -60 -8 -20 -282 -569 -20 -22 -612 -380 
16 16 21 26 16 40 17 40 -206 -601 -593 -195 -860 -846 81 84 
82 92 104 116 48 17 60 52 -13 96 9 -26 219 194 71 149 
22 139 -175 -393 182 139 -619 -632 -343 -69 127 54 33 45 19 21 
2 67 6 -50 20 34 3 -16 18 41 20 44 60 68 64 72 
-45 -81 94 110 -146 -164 145 159 28 8 24 8 -77 -100 -61 -76 
-61 -93 47 68 -107 -139 155 178 -28 -31 -16 -20 -31 -31 -24 -24 
-58 -49 103 112 55 84 182 197 -69 -34 -32 -32 -46 -48 -32 -32 
-107 -91 -174 -156 -38 -22 -110 -101 -21 -28 0 0 -28 -10 0 16 
-3 0 4 8 4 10 4 3 15 28 25 40 28 30 40 40 
61 74 -54 -92 95 71 -293 -357 39 32 44 66 -111 -461 90 -156 
47 -22 -725 -766 -239 -349 -686 -370 -649 -142 -445 -1002 250 214 -915 -395 
-658 -596 -98 -36 -171 -150 180 144 80 -26 -69 117 141 -77 237 -8 
265 408 -37 -53 408 416 -56 -59 34 208 152 332 256 256 356 349 
55 8 -135 -215 22 2 -121 -108 -27 -22 -21 -26 -18 -18 -49 -56 
-42 -72 49 13 -13 11 -38 -52 -27 -24 -107 -165 -44 -69 -369 -342 
27 71 -60 -56 237 272 16 28 -113 -175 74 77 -353 -386 27 3 
44 44 -4 1 61 64 79 209 -184 -256 -49 -58 -166 -55 139 89 
37 29 -46 -31 24 -13 -11 -35 -428 -269 -213 -468 -49 -7 -562 -811 
-160 -246 -127 -164 -239 -204 -168 -128 109 98 -61 -119 -31 -98 -267 -341 
140 174 184 236 230 250 282 316 -74 239 -44 235 321 286 83 58 
65 72 -4 -6 88 54 65 3 -71 -153 174 219 -427 -233 835 1300 
-63 -118 126 97 -69 1 35 -41 10 25 127 131 113 125 238 233 
50 46 57 94 9 -6 153 170 -12 12 -36 -46 126 149 -134 -128 
-37 -24 22 47 25 46 129 145 60 95 -169 -8 108 108 62 60 
-76 -46 -72 -76 -58 -61 -80 -80 -5 -4 38 35 4 6 27 22 
19 38 -16 -16 58 64 -10 -8 -4 -3 -13 10 -17 -16 -146 -195 
-445 -1280 -681 -811 -1452 -1443 -1001 -283 -179 -129 729 755 311 735 712 673 
-673 553 561 807 751 709 687 644 670 672 611 626 562 540 534 520 
14 4 49 48 4 -16 48 41 30 36 16 28 36 35 28 28 
9 -8 -7 -16 -24 -24 -32 -32 -28 -32 -32 -32 -48 -48 -48 -48 
34 24 32 24 -15 -19 -8 -16 16 16 -11 -12 0 0 -8 -4 
0 0 0 0 16 8 16 8 0 0 0 0 16 16 16 16 
-12 -14 -22 -25 0 6 -8 0 -4 -6 -12 -13 0 -4 -11 3 
0 -3 15 26 -37 -46 69 61 -31 -33 24 22 -8 0 -16 -4 
-19 -22 5 -6 -16 -13 -16 -41 -1 -6 0 -20 -43 -168 -62 40 
6 9 -130 -113 28 32 -63 -50 -194 -91 -132 -228 -3 0 -60 -47 
12 4 -52 -41 15 34 6 8 14 16 -21 1 3 0 4 -4 
29 20 -64 -80 -27 -40 -51 -48 -62 -66 -62 -64 -12 -11 -26 -40 
3 6 1 9 9 15 13 1 56 114 23 64 100 -22 77 -59 
-14 -23 21 25 -89 -90 6 0 2 -7 4 4 -8 4 4 1 
13 28 7 17 44 48 36 29 26 6 -113 29 -44 -16 108 46 
0 -11 -30 -20 -60 -58 14 18 -45 -53 -170 -188 -42 -39 -173 -161 
4 16 -7 12 16 4 18 0 32 20 25 21 30 16 24 -13 
-14 -20 -31 -36 18 28 16 24 -28 -19 -30 16 22 10 32 39 
-3 12 10 14 24 24 18 20 -52 -73 57 36 -79 -58 -64 -40 
12 15 0 0 20 20 0 0 -18 0 1 18 0 0 2 0 
-9 -8 -32 -34 17 32 -37 9 0 -11 5 -10 -58 -36 -73 -52 
30 28 21 20 28 28 20 20 -4 -4 -1 -5 -4 0 -45 -52 
16 25 8 24 70 72 90 86 -14 -21 -6 11 -56 -73 121 140 
8 8 2 -19 32 30 8 21 -122 -70 -6 -30 -88 -101 -61 -19 
23 8 14 9 -5 -4 2 -18 -15 -8 -26 -23 5 8 15 30 
-46 -52 -84 -104 -52 -28 -104 -113 -39 -44 49 51 -44 -40 33 28 
5 6 -142 -105 -35 -34 -69 -50 -52 -48 37 41 -15 -8 44 44 
2 7 -19 -10 0 4 -1 8 40 39 41 42 30 28 42 40 
-26 -14 -40 -48 -15 -20 -40 -32 23 44 28 31 26 16 42 36 
-34 -34 -52 -44 4 16 0 12 -22 -26 15 2 -35 -35 -11 -10 
-25 -26 -46 -55 2 8 -12 0 -66 -36 -10 22 -3 0 4 0 
-24 -24 -32 -32 -24 -24 -32 -32 -32 -32 -26 -24 -32 -32 -24 -24 
-24 -24 -32 -32 -32 -32 -32 -32 -32 -32 -15 -12 -32 -16 -12 1 
17 20 6 8 20 20 4 4 14 20 30 36 20 20 36 36 
3 6 -15 -12 12 9 -6 -3 11 15 9 13 18 24 16 22 
8 8 0 0 8 8 0 0 24 24 24 24 24 24 24 24 
0 0 0 0 0 16 0 12 24 24 24 24 24 24 24 24 
28 36 24 36 36 38 36 36 14 20 16 16 20 20 16 16 
4 4 4 4 4 8 4 4 -12 -12 -16 -16 -12 -12 -16 -16 
-1 0 0 0 0 0 0 0 16 16 20 20 16 16 20 20 
0 0 0 0 0 0 0 0 16 16 20 20 16 16 20 20 
0 0 0 0 0 0 0 0 16 16 20 20 16 16 20 20 
0 0 0 0 0 0 0 0 16 16 20 20 16 16 20 20 
0 0 0 0 0 0 0 0 16 16 20 20 16 16 20 20 
0 0 0 0 0 0 0 0 16 16 20 20 16 16 20 20 
0 0 0 0 0 0 0 0 16 16 20 20 16 16 20 20 
0 0 0 0 0 0 0 0 16 16 29 30 16 16 26 24 
0 0 0 0 0 0 0 0 16 16 12 23 16 16 16 15 
0 0 0 0 0 0 0 0 11 25 -741 -1071 32 41 -1057 -836 
0 0 -5 -9 0 0 -17 -12 36 40 19 17 35 16 43 55 
0 0 -21 -25 0 -24 -31 22 -36 -48 97 104 -61 -677 -694 -97 
-29 30 91 -466 105 -100 -1192 -1276 -1325 -897 -8 109 -151 82 138 176 
-292 -784 -222 277 -711 -470 372 344 392 377 398 368 308 304 320 312 
414 693 29 28 674 666 32 32 15 16 24 24 16 16 24 24 
42 33 32 32 33 34 32 32 32 32 32 32 32 32 32 32 
7 1 0 0 5 -5 0 0 0 0 0 0 0 0 0 0 
-17 -20 0 0 -20 -16 0 0 0 0 0 0 0 0 0 0 
-7 0 0 0 2 4 0 0 0 0 0 0 0 0 0 0 
8 4 0 0 -7 -12 0 0 0 0 0 0 0 0 0 0 
0 -8 16 8 -30 -36 -18 -26 16 16 16 16 8 8 16 16 
-16 -16 -6 -8 -16 -16 -8 -8 36 36 48 48 36 36 48 48 
-32 -32 -24 -24 -32 -32 -24 -24 4 4 16 16 4 4 16 16 
-22 -16 -24 -24 -16 -16 -24 -24 4 4 16 16 4 4 16 16 
-44 -30 -56 -47 14 -12 -12 0 -12 -11 0 0 -6 -4 0 0 
-45 -394 32 21 -1659 -2332 -73 -412 16 17 16 16 27 22 16 16 
-35 961 -317 -1000 1258 1621 -1286 -973 37 42 16 28 -114 -791 28 -118 
61 416 -516 -374 448 482 -349 -186 -490 -240 394 318 -82 -135 179 22 
4 -3 77 141 -145 -192 332 391 -69 -52 -80 -110 128 250 -17 133 
-37 -114 70 93 -384 -222 158 -66 -11 59 32 47 263 59 26 -49 
62 72 208 236 92 95 208 213 2 24 -11 7 137 169 49 78 
101 -199 228 -110 -1090 -2092 -1147 -2393 255 172 -128 -124 274 -150 -105 -94 
-184 -322 99 223 -144 -10 233 236 -46 -863 117 232 -1342 -1740 135 -184 
26 25 36 27 11 24 3 -10 -12 -29 -46 -89 -86 -78 -697 -796 
31 40 -62 -60 40 46 -60 -59 75 88 -16 -28 88 86 -28 36 
42 40 4 4 40 15 6 43 7 8 232 272 10 14 609 979 
-1193 -967 -1769 -2185 3 567 -1857 -213 -1539 -928 -259 -262 -389 -69 -327 -455 
33 65 1 49 48 44 32 32 -141 -59 -310 -535 -157 -175 -533 -519 
-119 -158 -11 -213 -152 3 -102 17 42 -16 -182 -191 -26 -71 -206 -264 
-4 -10 14 17 -10 -52 -28 16 -6 -32 2 42 -205 -698 123 -204 
-59 117 31 -413 121 -336 -1044 -1363 -843 -677 25 69 -394 -77 435 525 
-71 -90 -96 -96 -119 -108 -96 -96 -96 -96 -96 -96 -96 -96 -96 -96 
17 20 0 0 -14 -16 -16 -16 0 0 0 0 0 0 0 0 
-16 -16 -16 -16 0 0 0 0 -16 -16 -16 -16 0 0 0 0 
0 0 0 0 0 -23 0 3 0 0 0 0 0 0 0 0 
-71 -77 6 0 -35 -24 -25 -32 18 18 16 16 9 -1 16 16 
-16 -16 -16 -16 0 -12 0 -4 -2 0 2 0 0 0 0 0 
-76 -74 -40 -44 -33 -18 -28 -23 17 20 0 0 2 -8 -7 -16 
-30 -33 -7 -68 36 14 -90 -41 -13 -36 -16 -23 -37 -76 -88 -220 
82 58 77 63 -12 98 72 5 -112 27 -4 97 83 64 82 72 
115 48 48 71 -42 -82 40 34 46 49 49 53 -72 -81 23 43 
-60 6 38 -48 -7 -15 -41 -29 30 38 56 50 -22 -48 0 -24 
33 115 -34 61 22 -2 51 58 -72 -6 -19 -45 12 120 -138 -147 
9 19 23 10 19 -103 0 -62 31 0 -87 22 -4 3 56 22 
-110 -111 34 52 -38 10 44 -11 179 186 -9 -16 12 -91 35 67 
19 35 -37 37 55 66 56 82 -121 -95 41 59 -98 -109 67 67 
12 6 103 103 40 21 73 85 -77 12 60 151 33 10 139 81 
-47 28 32 34 16 -147 82 -53 -64 -47 32 -2 25 10 22 1 
-60 12 -137 -27 32 38 6 12 -238 -24 -90 119 2 -28 129 -170 
31 32 -12 -26 8 29 18 -7 -192 -168 -159 -141 16 -83 -106 1 
81 84 69 96 27 2 11 26 -17 70 -152 -207 -18 -38 -186 -170 
-24 -28 23 34 -53 -12 60 82 -131 -113 -78 -76 12 22 3 4 
54 41 51 24 -50 -16 -58 -159 -5 -30 -19 -44 50 67 -19 -65 
47 -23 -128 -17 -116 -108 -37 -63 -34 -8 -59 -25 38 49 12 -4 
-2 27 -30 -37 54 56 47 100 74 80 -17 -43 166 192 -117 -127 
54 58 -3 -25 24 43 -91 -78 108 70 -60 -57 -68 37 -50 92 
31 40 17 9 12 -6 -89 -97 66 -1 -14 -87 26 36 -100 -104 
44 36 10 23 33 50 52 44 4 -4 -40 -31 -37 -23 -38 -13 
54 60 -117 -118 61 57 -134 -130 77 79 3 32 70 84 26 31 
36 43 11 43 88 95 92 102 46 5 60 67 45 62 45 56 
-7 -8 16 16 2 -1 16 8 8 16 8 16 16 16 16 16 
-26 -41 -18 -41 -30 -24 -24 -20 8 4 16 16 32 42 48 56 
-23 -20 -11 -8 -20 -4 -8 4 23 28 44 48 28 30 48 48 
20 32 36 48 32 34 48 48 36 36 48 48 36 36 48 48 
8 8 16 16 8 8 16 16 8 8 16 16 8 8 16 16 
12 12 16 16 12 12 16 16 8 8 16 16 8 8 16 16 
12 12 16 16 12 12 16 16 8 8 16 16 8 8 16 16 
12 12 16 16 12 12 16 16 8 8 16 16 8 8 16 16 
-8 -8 0 0 -8 -8 0 0 8 8 16 16 8 8 16 16 
-8 -8 0 0 -8 -8 0 0 8 8 16 16 8 8 16 16 
-8 -8 0 0 -8 -8 0 0 8 8 16 16 8 8 16 16 
-8 -8 0 0 -8 -8 0 0 8 8 16 16 8 8 16 16 
-12 -12 -4 0 -8 2 -42 -236 8 -276 10 -1359 -1430 -1713 -1750 -1772 
-4 -12 165 253 -10 -8 247 198 37 7 40 25 556 1234 -1 871 
-8 -7 -210 -273 -10 -8 -422 -451 10 56 8 32 24 56 32 32 
-8 -8 20 20 -8 -8 22 38 4 4 0 0 -1 -31 0 0 
-8 -8 53 19 -8 -8 57 193 -43 -21 0 0 -9 18 0 0 
-130 -137 167 175 -135 -116 194 184 10 6 0 0 4 13 0 -16 
97 138 -19 -26 286 -735 -615 -2009 3 108 -137 -643 -130 -916 -1147 -1202 
-1379 -865 -629 -181 15 187 227 95 -313 -264 -227 -17 -150 -38 147 309 
-70 11 -207 -124 109 213 -18 127 -111 -10 460 591 110 235 690 798 
-6 142 336 206 20 -198 102 -88 31 2 -8 12 -98 -333 59 -109 
-1266 -1003 -1352 -1054 -947 152 421 1054 -1160 261 -61 -277 889 824 110 712 
51 36 72 40 0 -8 8 0 25 32 38 32 16 16 16 16 
-4 -4 0 0 -4 -4 0 0 0 0 0 0 0 0 0 0 
0 0 0 0 0 0 0 0 0 0 0 0 0 0 0 0 
0 0 0 0 0 0 0 0 0 0 0 0 0 0 0 0 
0 0 0 0 0 0 0 0 0 0 0 0 0 0 0 0 
0 0 0 0 0 0 0 0 0 0 0 0 0 0 0 0 
0 0 0 0 0 0 0 0 0 0 0 0 0 0 0 0 
0 0 0 0 0 0 0 0 0 0 0 0 0 0 0 0 
0 0 0 0 0 0 0 0 0 0 -6 -8 0 0 -8 -8 
0 0 0 0 0 0 0 0 0 0 -4 -4 0 0 -4 -4 
0 0 0 0 0 0 0 0 0 0 -4 -4 0 -4 -4 -7 
0 0 0 0 0 0 0 0 8 0 8 0 0 0 0 0 
0 0 0 0 0 0 0 0 0 0 0 0 0 0 0 0 
0 -5 0 0 -5 0 0 0 0 0 0 0 0 0 0 0 
-18 -24 0 0 -25 -30 0 0 0 0 0 0 0 0 0 0 
-92 -221 0 12 -375 -432 42 -58 0 0 0 0 -16 -30 -16 -20 
193 345 34 28 170 -24 30 -193 -68 -65 -46 -52 -29 -44 -56 -42 
97 110 51 54 146 154 52 64 62 34 70 76 1 0 80 80 
-23 -23 -139 -116 134 166 -166 -145 -58 -188 -57 -62 -249 -225 -70 -46 
-130 -127 149 243 -172 -132 36 -65 47 36 -4 3 -11 -112 -57 -72 
-100 -70 -5 16 22 56 110 126 -100 -92 -11 -16 -66 -53 -16 -2 
-108 -301 -83 -230 67 32 0 69 31 -121 1 -124 -43 -22 -88 -68 
-286 -174 -3 -319 -334 -491 -151 -37 35 -33 24 24 -288 -311 20 27 
-223 79 131 181 234 322 11 83 -484 -110 -221 -79 -11 -53 67 142 
-267 -298 -74 -60 9 169 -53 -244 -44 -3 387 372 198 272 309 296 
-9 -27 -13 -34 -322 -562 -67 162 16 14 32 32 -32 -52 24 24 
157 294 398 550 272 291 405 407 19 6 24 24 -3 -4 24 24 
289 539 104 86 566 528 71 72 16 30 24 24 40 44 24 24 
0 0 0 0 0 0 0 0 0 0 16 12 0 0 8 8 
0 0 0 0 0 0 0 0 0 0 0 0 0 0 0 0 
-16 -16 -16 -16 0 0 0 0 -16 -16 -8 -8 0 0 8 8 
0 0 0 0 0 0 0 0 0 0 0 0 0 0 0 0 
16 16 16 16 16 16 16 16 16 16 22 24 16 16 24 24 
16 16 16 16 16 16 16 16 16 16 16 16 16 16 16 16 
16 4 16 5 -40 -52 -41 -53 16 14 16 16 5 4 16 16 
-58 -70 -54 -72 -46 -80 -63 22 2 -3 16 16 -10 16 16 16 
-2 63 86 99 64 60 74 68 96 94 104 104 92 88 104 104 
-11 -8 -12 -5 -12 -11 14 -5 4 4 16 16 4 4 16 16 
-16 -25 -12 -10 -81 -51 21 50 -8 -12 8 18 -42 -59 53 56 
-20 25 17 -15 93 25 -93 -15 31 40 73 60 33 20 48 30 
-4 -145 13 29 -144 -70 42 60 24 28 38 48 25 4 48 48 
-13 -103 73 -6 -54 132 -162 -104 34 51 46 59 45 0 64 60 
20 -24 30 61 -15 8 88 41 -184 -249 -25 -41 -149 105 -151 -371 
53 57 2 3 103 62 -53 -55 98 81 -463 -375 -83 -157 -389 -61 
-57 -65 104 114 -69 -146 53 -82 59 -4 70 119 -41 -20 81 -401 
-110 89 -99 143 54 -5 -8 110 -417 -64 -608 -838 -41 -376 -550 217 
-92 157 -85 -233 69 -77 -261 -9 -385 6 -231 -304 134 -13 -52 208 
-30 -66 -103 -140 -71 -93 -125 -130 -133 -46 76 54 -58 -52 9 -21 
-95 -24 -79 -50 135 148 -97 -112 11 -37 136 109 5 31 22 8 
35 -7 -129 -91 -64 -80 41 44 -10 -33 1 -12 -114 -125 -88 -71 
-63 -13 -76 -55 -156 -212 -3 0 -131 -37 117 3 -158 -164 -136 -137 
-26 57 68 79 52 80 47 65 -36 -17 8 17 94 208 29 115 
-99 -112 -25 -37 -102 -78 54 90 -132 6 66 -59 57 49 -69 -50 
-44 -52 -6 -25 -61 -52 -44 -48 63 74 -21 -9 138 152 49 68 
-36 -27 12 20 60 72 69 82 4 6 44 48 4 -12 35 47 
24 8 44 44 14 37 44 53 -62 -72 46 56 -72 -75 72 68 
-28 12 -24 -4 28 40 24 40 4 4 8 8 24 40 42 59 
8 16 8 16 16 16 16 16 8 16 16 24 16 16 24 24 
16 16 16 16 16 24 16 24 16 16 24 24 16 24 24 28 
48 48 48 48 48 48 48 48 48 48 48 48 48 48 48 48 
16 16 16 16 16 16 16 16 16 16 16 16 16 16 16 16 
16 16 16 16 16 16 16 16 16 16 16 16 16 16 16 16 
16 16 16 16 16 16 16 16 16 16 24 24 16 16 24 24 
16 16 16 16 16 16 16 16 16 16 24 24 16 16 24 24 
16 16 16 16 16 16 16 16 16 16 26 32 16 16 32 32 
32 32 32 32 32 32 32 32 32 32 32 32 32 32 32 32 
0 0 0 0 0 0 0 0 0 0 0 0 0 0 0 0 
0 0 0 0 0 0 0 0 0 0 0 0 0 0 0 0 
0 0 0 0 0 -5 0 41 0 0 0 0 0 1 0 0 
-48 -211 -71 -1084 -63 -66 -504 -516 12 829 32 1274 751 744 1893 1892 
-3 47 -40 15 107 1703 479 2337 14 15 24 24 1020 1177 20 25 
-8 0 0 0 0 0 0 0 0 0 2 4 0 0 4 4 
0 0 0 0 0 0 0 0 0 0 4 4 0 0 4 4 
0 0 0 0 0 0 0 0 0 0 4 4 0 0 4 4 
0 0 0 0 -6 -255 -4 -605 0 0 16 14 0 -84 17 -44 
-605 -58 141 31 -106 -226 -271 -325 150 -215 0 -256 -337 -331 -304 -324 
-23 -57 -83 -112 -62 -51 -112 -91 -105 -144 -104 -144 -144 -125 -144 -134 
8 19 3 15 10 4 12 10 7 27 22 20 18 12 20 14 
-8 -6 -12 -12 51 107 50 130 -4 -3 -8 -8 25 80 8 30 
59 40 27 40 -44 -456 244 -125 -84 -55 -167 -84 157 348 -11 652 
-184 -6 -496 -26 16 16 16 16 -149 -11 -18 8 16 16 24 24 
0 0 0 0 0 0 0 0 0 0 0 0 0 0 0 0 
0 0 0 0 0 0 0 0 0 0 0 0 0 0 0 0 
0 0 0 0 0 0 0 0 0 0 0 0 0 0 0 0 
0 0 0 0 0 0 0 0 0 0 0 0 0 0 0 0 
0 0 0 0 0 0 0 0 0 0 0 0 0 0 0 0 
0 0 0 0 0 0 0 0 0 0 0 0 0 0 0 0 
0 0 0 0 0 -8 0 -8 0 0 0 0 0 -8 0 -8 
-32 -40 -40 -48 -40 -40 -48 -48 -40 -48 -40 -48 -48 -48 -48 -48 
-4 -4 -16 -16 -4 -4 -16 -16 -16 -16 -16 -16 -16 -16 -16 -16 
-4 -4 -16 -16 -4 -5 -16 -16 -16 -16 -16 -16 -16 -16 -16 -16 
-8 -8 -16 -16 -8 -8 -16 -16 -16 -16 -16 -16 -16 -16 -16 -16 
-8 -8 -16 -16 -8 -8 -16 -16 -16 -16 -16 -16 -16 -16 -16 -16 
-8 -8 -16 -16 -8 -8 -16 -16 -16 -16 -16 -16 -16 -16 -16 -16 
-8 -8 -16 -16 -8 -8 -16 -16 -16 -16 -16 -16 -16 -16 -16 -16 
-8 -8 -16 -16 -16 -16 -16 -16 -16 -16 -16 -16 -16 -16 -16 -16 
14 12 16 16 8 11 16 16 16 16 16 16 16 16 16 16 
0 0 0 0 0 0 0 0 0 0 0 0 0 0 0 0 
0 0 0 0 0 0 0 0 0 0 0 0 0 0 0 0 
0 8 0 0 13 -11 0 0 0 0 0 0 0 0 0 0 
-1 0 0 0 -4 -5 0 -4 0 0 0 0 0 -4 0 -4 
27 -7 24 16 1 4 16 16 24 16 28 24 16 16 24 24 
4 2 16 16 4 3 16 16 16 16 24 24 16 16 24 24 
-4 3 16 16 13 31 0 16 16 16 24 24 0 16 8 24 
40 29 16 16 -1 -13 16 8 16 16 16 16 16 12 16 12 
15 8 34 20 0 0 20 20 52 40 56 48 40 40 48 48 
12 12 20 20 12 12 20 20 -24 -24 -16 -16 -24 -24 -16 -16 
12 12 20 20 12 12 20 20 -24 -24 -16 -16 -24 -24 -16 -16 
56 48 64 56 31 28 36 32 64 64 64 64 48 48 48 48 
-16 -16 -16 -16 -16 -8 -16 -8 0 0 0 0 0 8 0 8 
2 4 12 16 12 12 16 16 28 32 28 32 32 32 32 32 
-16 -16 -16 -16 -16 -8 -16 -8 0 0 8 8 0 8 8 16 
9 12 12 16 12 12 16 16 28 32 36 40 32 32 40 40 
0 0 0 0 0 0 0 0 16 16 24 24 16 16 16 16 
0 0 0 0 0 0 0 0 16 16 16 16 16 16 16 16 
0 0 0 0 0 8 0 8 16 16 32 32 16 24 32 36 
18 20 28 32 20 19 32 28 44 48 46 48 48 48 48 48 
-14 -16 -6 -12 -16 -8 -16 -8 12 8 16 16 0 0 0 0 
-14 -6 -4 0 6 7 0 0 0 0 6 8 0 0 8 8 
-1 -25 0 -2 -101 -86 -46 -135 0 -5 8 8 -42 -63 8 9 
-10 -12 -64 -33 14 -12 -20 15 -10 -28 81 71 -78 -46 -32 -149 
-33 10 15 25 28 -7 7 -77 -139 -133 -69 -11 -29 -70 -13 -114 
18 27 -12 -137 -97 -33 -152 -266 113 -27 -85 -62 -70 -148 -154 -54 
37 -80 3 73 -307 -438 117 236 129 131 49 43 77 108 -6 -141 
-344 -255 12 154 91 121 348 -265 -48 172 83 85 59 137 -69 172 
579 339 -174 543 -135 -104 568 423 88 -496 618 242 587 366 -456 235 
-140 101 -427 -225 162 60 199 85 -178 -998 -702 -206 85 5 -773 -271 
-6 -10 0 -24 -6 -2 -41 -16 -252 -138 -69 -300 -205 -106 -99 -110 
4 6 -27 -25 -12 -40 1 -17 25 -15 -90 -51 50 82 -139 -155 
102 120 24 7 173 147 44 14 7 -88 -107 -22 -287 -102 -110 -273 
135 117 -125 140 67 100 75 42 -221 124 -167 -74 48 59 71 105 
-89 -109 -24 -34 -96 5 -114 -97 55 63 22 19 41 47 22 27 
-62 -153 80 -14 -134 -120 -42 29 -35 -12 81 116 -4 -6 116 124 
-117 -141 -8 49 -130 -114 140 158 -4 26 88 62 69 78 -79 -94 
-106 -99 35 17 -19 13 -64 12 142 153 92 103 113 114 -7 -20 
-16 9 -22 4 68 86 79 99 33 -16 -4 62 -46 -39 32 37 
14 32 16 31 94 114 110 132 -54 -22 -9 -3 75 112 -10 18 
28 28 41 32 28 28 32 32 33 32 15 32 32 32 32 32 
-4 -4 0 0 -4 -2 0 0 0 0 0 0 0 0 0 0 
0 0 0 0 0 0 0 0 0 0 8 8 0 0 8 8 
16 16 16 16 16 16 16 16 16 16 16 16 16 16 16 16 
16 16 16 16 16 16 16 16 16 16 16 16 16 16 16 16 
28 28 32 32 28 28 32 32 32 32 32 32 32 32 32 32 
-4 -4 0 0 -4 4 0 8 0 0 6 8 0 8 8 12 
14 20 28 32 20 19 32 28 28 32 28 32 32 32 32 32 
-14 -16 -8 -16 -16 -16 -16 -16 0 0 0 0 0 0 0 0 
-16 -16 -16 -16 -16 -16 -16 -16 0 0 0 0 0 0 0 0 
-16 -16 -16 -16 -16 -16 -16 -16 0 0 0 0 0 0 0 0 
-16 -16 -16 -16 -16 -16 -16 -16 0 0 0 0 0 0 0 0 
-16 -19 -16 -16 -29 -32 -16 -16 0 0 0 0 0 0 0 0 
-36 -36 -16 -16 -36 -26 -16 -8 0 0 0 0 0 8 0 8 
-6 0 12 16 0 0 16 16 28 32 28 32 32 32 32 32 
0 0 16 16 0 0 16 16 32 32 32 32 32 32 32 32 
-32 -32 -16 -16 -32 -22 -16 -8 0 0 0 0 0 0 0 0 
-3 -8 12 4 2 -143 12 -173 0 0 0 0 -1 -261 -5 -280 
10 -12 5 -12 -12 -8 -18 -33 1 -12 -5 -28 -56 -147 -911 -1587 
-111 -144 -117 -150 -144 -144 -176 -144 -148 -179 -108 -303 -331 -406 -395 -406 
86 88 80 80 88 88 80 80 -176 -176 -172 -172 -176 -172 -172 -167 
-24 -24 -55 -52 -46 -42 -76 -70 -153 -140 -1886 -1425 -160 -135 -898 -343 
10 -82 -4 -106 15 89 57 117 -22 -115 -23 -114 194 159 292 170 
-17 -4 -3 0 -4 -7 0 -4 5 0 8 0 0 0 0 0 
6 0 8 0 0 0 0 0 8 0 12 8 0 0 8 8 
0 0 0 0 0 0 0 0 0 0 8 8 0 0 8 8 
0 0 0 0 0 0 0 0 0 0 0 0 0 0 0 0 
-16 -16 -16 -16 -16 -16 -16 -16 -16 -16 -16 -16 -16 -16 -16 -16 
0 0 0 0 0 0 0 0 0 0 0 0 0 0 0 0 
0 0 0 0 0 0 0 0 0 0 0 0 0 0 0 0 
-16 -16 -16 -16 -16 -16 -16 -16 -16 -16 -8 -8 -16 -16 -8 -8 
0 0 0 0 0 0 0 0 16 16 16 16 16 16 16 16 
0 0 0 0 0 0 0 0 16 16 16 16 16 16 16 16 
0 0 0 0 0 0 0 0 16 16 16 16 16 16 16 16 
0 0 0 0 0 0 0 0 16 16 16 16 16 16 16 16 
0 0 0 0 0 0 0 0 16 16 16 16 16 16 16 16 
0 0 0 0 0 0 0 0 16 16 16 16 16 16 16 16 
0 0 0 0 0 0 0 0 16 16 16 16 16 12 16 12 
-16 -16 -16 -16 -16 -16 -16 -16 -8 -16 -8 -16 -16 -16 -16 -16 
0 0 0 0 0 0 0 0 0 0 0 0 0 0 0 0 
0 0 0 0 0 0 0 0 0 0 0 0 0 0 0 0 
0 0 0 0 0 0 0 0 0 0 0 0 0 0 0 0 
0 0 0 0 0 0 0 0 0 0 0 0 0 0 0 0 
0 0 0 0 0 0 0 0 0 0 6 8 0 0 8 8 
-2 -4 0 0 -4 -4 0 0 0 0 8 8 0 0 8 8 
-4 -4 0 0 -4 -4 0 0 0 0 8 4 0 0 -2 -4 
-4 -4 0 0 -4 -11 0 -8 0 0 0 0 0 -8 0 -8 
-8 -16 -8 -16 -16 -16 -16 -16 -8 -16 -4 -8 -16 -16 -16 -16 
0 0 0 0 0 0 0 0 16 16 16 16 16 16 16 16 
0 0 0 0 0 0 0 0 16 16 16 16 16 16 16 16 
0 0 0 0 0 0 0 0 16 16 16 16 16 16 16 16 
32 32 44 44 32 32 42 38 112 106 128 120 78 70 92 84 
-16 -16 -10 -12 -16 -16 -16 -16 16 8 29 24 0 0 8 8 
0 0 0 0 0 8 0 8 0 0 10 16 0 8 16 20 
18 20 28 32 20 32 32 40 28 32 30 32 32 40 32 40 
16 20 28 32 20 19 32 28 28 32 28 32 32 32 32 32 
-2 -4 8 0 -16 -16 -16 -16 16 16 24 24 0 0 16 16 
-16 -16 -16 -16 -16 0 -16 0 0 0 8 8 0 0 8 8 
28 32 32 40 32 31 40 38 6 8 8 8 12 12 8 8 
1 0 4 0 0 0 0 0 -12 -12 -8 -8 -12 -12 -8 -8 
0 0 4 4 -16 -8 -12 -6 0 0 8 8 0 8 8 16 
9 12 15 20 12 12 20 20 29 32 33 36 32 32 36 36 
-4 -4 0 0 -4 -7 1 0 16 -6 20 22 -81 -76 4 -52 
45 14 22 40 -82 -119 -227 -249 -58 -110 -14 13 -25 32 14 42 
-44 -92 -134 -14 -78 2 -35 -66 82 -204 80 27 -329 -308 -58 -120 
39 0 129 129 78 109 47 42 -127 79 -46 -126 64 -1 -222 -133 
3 55 -135 -151 112 31 -44 106 31 -163 6 38 -22 -198 111 83 
-93 22 -216 41 -47 -46 22 -36 -337 3 -212 10 104 142 84 174 
262 266 265 252 -206 -842 178 -565 286 288 286 311 32 -593 206 -415 
323 437 401 432 259 -653 436 229 437 436 444 425 460 -262 449 30 
-122 -384 124 -198 -78 -194 -157 -64 78 -98 212 70 21 19 91 67 
-52 4 -41 -1 90 107 21 94 -31 -17 38 37 10 77 90 172 
5 30 -14 82 -58 187 40 24 56 128 31 -155 -349 -118 -15 306 
47 245 224 363 70 -10 148 14 32 125 231 189 -134 -340 -23 18 
34 38 -127 -196 -248 -89 -133 -329 158 149 60 52 99 254 -42 -127 
130 124 -153 5 127 149 17 -13 -197 -191 -85 -28 -111 -115 -42 75 
-90 -235 -113 -2 -233 -172 -13 -54 -79 -57 83 74 -106 -87 150 157 
-54 -67 60 68 12 87 13 -81 -114 -95 123 101 -48 -67 129 217 
168 71 24 -175 106 100 -31 120 54 14 93 12 70 131 95 198 
73 92 98 96 73 85 96 100 98 96 118 98 96 97 110 112 
-17 0 -16 0 0 0 0 0 -22 0 -35 0 0 0 8 8 
0 0 0 0 0 8 0 8 0 0 10 16 0 8 16 20 
30 36 36 48 36 36 48 48 36 48 42 48 48 48 48 48 
0 0 0 0 0 0 0 0 16 16 16 16 16 16 16 16 
0 0 0 0 0 0 0 0 16 16 24 24 16 16 24 24 
0 0 0 0 0 8 0 8 16 16 24 24 16 24 24 28 
25 28 28 32 28 30 32 32 44 48 44 48 48 48 48 48 
0 0 0 0 0 0 0 0 16 16 16 16 16 16 16 16 
0 0 0 0 0 0 0 0 16 16 16 16 16 16 16 16 
0 0 0 0 0 0 0 0 16 16 16 16 16 16 16 16 
0 0 0 0 0 0 0 0 16 16 16 16 16 16 16 16 
0 0 0 0 0 0 0 0 16 16 16 16 16 16 16 16 
0 0 0 0 0 0 0 0 16 16 16 16 16 16 16 16 
0 0 0 0 0 0 0 0 16 16 16 16 16 16 16 16 
0 0 0 0 0 0 0 0 16 16 16 16 16 16 16 16 
-16 -16 -16 -16 -16 -16 -16 -16 0 0 0 0 0 0 0 0 
-16 -16 -16 -16 -16 -16 -16 -16 0 0 0 0 0 0 0 0 
-16 -16 -16 -16 -6 9 -7 -769 0 0 0 0 8 -1319 5 -457 
-1017 -1971 -2252 -2086 -107 -114 -118 -59 -2237 -2129 -2155 -2010 -97 -25 53 84 
15 214 385 921 242 210 804 668 1004 1283 1446 1289 1055 886 966 835 
-4 -36 16 -24 -36 -29 -24 -24 7 -24 -58 -41 -24 -17 -18 -8 
-12 -12 0 -1 -80 -106 -105 -166 52 153 25 65 189 -275 162 -152 
-1173 -81 -1871 -1569 256 -29 320 -28 -1899 -2029 -1778 -1532 329 -24 492 0 
5 -16 8 -16 12 16 12 16 8 -16 10 -8 12 16 20 24 
-2 -4 0 0 -4 -4 0 0 0 0 0 0 0 0 0 0 
-4 -4 0 0 -4 -7 0 -4 0 0 0 0 0 0 0 0 
6 0 8 0 0 0 0 0 8 0 16 8 0 0 8 8 
0 0 0 0 0 0 0 0 0 0 0 0 0 0 0 0 
0 0 0 0 0 0 0 0 0 0 0 0 0 0 0 0 
0 0 0 0 0 0 0 0 0 0 0 0 0 0 0 0 
-4 -4 0 0 -4 -7 0 -4 0 0 0 0 0 0 0 0 
-10 -16 -8 -16 -16 -16 -16 -16 -8 -16 -8 -16 -16 -16 -16 -16 
0 0 0 0 0 0 0 0 0 0 0 0 0 0 0 0 
0 0 0 0 0 0 0 0 0 0 0 0 0 0 0 0 
0 0 0 0 0 0 0 0 0 0 0 0 0 0 0 0 
0 0 0 0 0 0 0 0 0 0 0 0 0 0 0 0 
0 0 0 0 0 0 0 0 0 0 0 0 0 0 0 0 
0 0 0 0 0 0 0 0 0 0 0 0 0 0 0 0 
-8 -16 -8 -16 -16 -16 -16 -16 -8 -16 -8 -16 -16 -16 -16 -16 
0 0 0 0 0 0 0 0 0 0 0 0 0 0 0 0 
0 0 0 0 0 0 0 0 0 0 0 0 0 0 0 0 
0 0 0 0 0 0 0 0 0 0 0 0 0 0 0 0 
0 0 0 0 0 8 0 8 0 0 0 0 0 8 0 8 
25 28 28 32 28 28 32 32 28 32 28 32 32 32 32 32 
-4 -4 0 0 -4 -4 0 0 0 0 0 0 0 0 0 0 
-4 -10 0 -8 -52 -56 -46 -53 0 0 0 0 -10 -12 0 0 
-24 -24 -22 -24 -24 -24 -24 -24 20 20 32 32 20 12 32 24 
0 0 0 0 0 0 0 0 7 -4 22 8 0 0 8 8 
0 0 0 0 0 0 0 0 0 0 8 8 0 0 8 8 
0 0 0 0 0 0 0 0 0 0 8 8 0 0 8 8 
0 0 0 0 0 0 0 0 0 0 8 8 0 0 8 8 
16 16 16 16 -2 -8 0 -4 16 16 16 16 16 16 16 16 
2 -4 10 4 -20 -12 -12 -6 28 24 32 32 8 16 16 24 
-2 4 15 20 4 4 20 19 35 36 44 48 36 36 48 48 
-17 -16 -10 -12 -16 -16 -16 -16 12 8 16 20 0 0 18 20 
0 0 0 0 0 8 0 8 0 0 31 24 0 8 18 6 
18 20 28 32 20 20 32 32 50 37 -7 -14 32 32 -7 -2 
-16 -16 0 0 -16 -16 0 0 0 0 -3 6 0 0 15 -15 
-16 -16 0 0 -16 -16 0 0 0 0 -3 -2 0 0 -13 -16 
-16 -16 0 0 -16 -16 0 0 0 0 0 0 0 0 0 0 
-16 -16 0 0 -16 -12 0 0 0 0 0 0 0 0 0 0 
-8 -8 0 0 -8 -8 0 0 0 0 0 0 0 0 0 0 
24 20 32 32 38 52 84 88 32 32 32 25 76 70 37 57 
80 83 33 23 77 -1 0 -61 -37 -72 -49 -115 -126 -213 -164 -242 
3 -11 -9 -20 -17 32 0 -14 2 -58 -327 -375 -129 -81 -368 -446 
126 20 19 36 -10 -204 68 7 138 31 -321 -267 -45 -157 -220 -93 
135 -174 -134 -495 -61 43 -505 -560 -311 -745 -50 -295 -711 -596 -128 -193 
-181 -76 -584 126 -81 -49 62 24 -624 -401 -21 -327 -479 -519 -44 -32 
125 160 -5 -69 87 -484 -197 -747 -504 -528 3 4 -533 -334 -138 -328 
-39 91 184 37 -106 12 -234 70 -43 -697 323 -307 86 453 321 225 
40 -87 -96 29 -146 -18 71 -28 152 229 251 93 -36 67 55 182 
9 -13 -35 -61 -140 36 -167 -47 76 -42 -18 147 104 141 167 157 
-284 -133 -43 65 -74 -70 77 113 149 147 173 176 137 150 176 176 
-37 45 71 60 48 66 72 80 93 106 122 134 135 142 174 163 
24 17 18 12 -9 -36 -17 -39 46 32 56 23 12 13 8 20 
63 55 -14 -57 -7 0 41 67 46 33 -36 -65 57 54 -22 -57 
-150 -232 21 -46 -24 59 -77 49 132 144 4 18 128 146 29 28 
-45 37 -156 -211 67 49 -22 -3 76 40 -20 -24 -133 -203 -30 19 
35 50 -4 0 55 76 7 14 -126 -8 -74 -142 -38 -35 -118 -102 
24 27 27 40 144 128 141 124 15 14 -138 -119 64 52 40 45 
-14 14 -13 16 28 36 32 40 -25 16 -28 16 32 40 32 40 
46 52 60 64 52 52 64 64 60 64 60 64 64 64 64 64 
-3 0 0 0 0 0 0 0 0 0 0 0 0 0 0 0 
0 0 0 0 0 0 0 0 0 0 0 0 0 0 0 0 
12 12 16 16 12 12 16 16 16 16 16 16 16 16 16 16 
12 12 16 16 12 14 16 16 16 16 16 16 16 16 16 16 
16 16 16 16 16 16 16 16 16 16 16 16 16 16 16 16 
16 16 16 16 16 16 16 16 16 16 16 16 16 16 16 16 
16 16 16 16 16 16 16 16 16 16 16 16 16 16 16 16 
16 16 16 16 16 16 16 16 16 16 16 16 16 16 16 16 
16 16 16 16 16 16 16 16 16 16 16 16 16 16 16 16 
16 16 16 16 16 16 16 16 16 16 16 16 16 16 16 16 
16 16 16 16 16 16 16 16 16 16 16 16 16 16 16 16 
16 16 16 16 16 16 16 16 16 16 16 16 16 16 16 16 
16 16 16 16 16 16 16 16 16 16 16 16 16 16 16 16 
0 0 0 0 0 0 0 0 0 0 0 0 0 0 0 0 
0 0 0 0 0 0 0 0 0 0 0 0 0 0 0 0 
0 0 0 0 0 -1 0 6 0 0 0 0 0 0 0 0 
75 -1305 516 -376 -1205 -260 -764 28 -116 -789 -159 -688 -441 1161 -10 1287 
138 19 187 42 78 58 88 80 274 97 275 82 36 30 20 24 
-39 42 -54 31 62 36 82 60 -61 -148 21 -71 14 1 -37 -53 
-41 -38 2 120 -18 -493 34 287 11 192 13 165 -41 1823 96 2017 
-407 572 1105 648 652 -150 -135 -340 612 -179 -193 -336 -356 -352 -352 -352 
1 -4 8 0 -4 -4 0 0 0 0 8 8 0 0 8 8 
-16 -16 -16 -16 -16 -16 -16 -16 0 0 0 0 0 0 0 0 
-16 -16 -16 -16 -16 -16 -16 -16 0 0 0 0 0 0 0 0 
-24 -28 -16 -16 -28 -29 -16 -20 0 0 0 0 0 0 0 0 
-14 -16 -6 -12 -16 -16 -16 -16 12 8 16 16 0 0 0 0 
-16 -16 -16 -16 -16 -16 -16 -16 0 0 0 0 0 0 0 0 
-16 -16 -16 -16 -16 -16 -16 -16 0 0 0 0 0 0 0 0 
0 0 0 0 0 -4 0 -4 16 16 14 12 16 8 12 6 
-4 -16 -4 -16 -16 -16 -16 -16 0 -16 0 -16 -16 -16 -16 -16 
0 0 0 0 0 0 0 0 0 0 0 0 0 0 0 0 
0 0 0 0 0 0 0 0 0 0 0 0 0 0 0 0 
0 0 0 0 0 0 0 0 0 0 0 0 0 0 0 0 
0 0 0 0 0 0 0 0 0 0 0 0 0 0 0 0 
0 0 0 0 0 0 0 0 0 0 0 0 0 0 0 0 
0 0 0 0 0 0 0 0 0 0 0 0 0 0 0 0 
-8 -16 -8 -16 -16 -16 -16 -16 -8 -16 4 0 -16 -16 0 0 
0 0 0 0 0 0 0 0 0 0 8 8 0 0 8 8 
0 0 0 0 0 0 0 0 0 0 8 8 0 0 8 8 
0 0 0 0 0 0 0 0 0 0 8 8 0 0 8 8 
0 0 0 0 0 8 0 8 0 0 8 8 0 8 8 16 
0 0 0 0 0 0 0 0 0 0 0 0 0 0 0 0 
0 0 0 0 0 0 0 0 0 0 8 8 0 0 8 8 
0 0 0 0 0 0 0 0 0 0 8 8 0 0 8 8 
0 0 0 0 0 -4 0 -4 0 0 8 8 0 -4 8 6 
-21 -28 -16 -16 -28 -28 -16 -16 -16 -16 0 0 -16 -16 0 0 
-24 -24 -16 -16 -24 -24 -16 -16 -16 -16 -8 -8 -16 -16 -8 -8 
-24 -24 -16 -16 -24 -24 -16 -16 -16 -16 -8 -8 -16 -16 -8 -8 
8 8 16 16 8 8 16 16 16 16 24 24 16 16 16 16 
16 16 16 16 16 16 16 16 16 16 36 19 16 16 16 16 
16 16 16 16 0 0 0 0 16 16 24 24 16 16 24 24 
16 16 16 16 16 16 16 16 16 16 24 24 16 16 24 24 
16 25 16 28 54 76 79 43 16 20 15 -34 93 -31 -35 -167 
66 76 -43 -145 104 -68 -199 -102 -36 80 52 -52 2 -200 60 -96 
-112 -66 -143 -147 -28 -52 -90 -96 -9 109 9 243 129 136 142 83 
-60 -34 -163 -155 104 47 -89 -87 -13 -23 -84 -85 -16 -220 -55 -109 
33 89 -15 82 90 94 -9 -20 -240 -115 -301 -678 -354 -362 -164 -28 
8 4 72 111 4 4 156 154 128 321 -233 -151 536 554 24 17 
0 0 3 0 0 0 0 0 -1 0 -65 12 0 0 2 0 
0 0 0 0 0 0 0 0 0 0 0 0 0 0 0 0 
0 -8 0 -8 -71 -120 -32 -92 0 -8 0 -8 -16 -36 -16 -16 
93 21 58 -32 11 -203 -4 46 29 47 26 77 113 179 126 176 
172 354 65 90 364 419 202 223 -48 -37 -16 -16 -12 -6 -16 -16 
-24 -17 -7 -6 -129 -272 -20 -145 12 10 -16 -16 5 10 -16 -16 
175 117 137 102 222 333 137 166 2 -18 -16 -16 -7 -12 -16 -16 
89 -274 51 162 -355 131 -343 -159 33 95 43 80 114 -592 99 136 
207 195 227 208 -479 -164 -138 196 -748 -158 -84 -1127 114 361 -132 334 
-281 48 -284 54 -147 95 -132 195 59 477 75 21 -473 323 -605 -491 
-37 -463 -552 -494 -36 -7 17 -42 -891 59 114 189 158 23 -53 -42 
4 8 -3 3 50 44 -53 -319 -75 34 -7 -122 99 72 -2 89 
172 168 76 112 168 182 97 126 -2 10 -18 68 1 55 -46 -386 
110 132 55 106 157 115 176 -100 72 -84 -255 -453 -223 -232 -237 -220 
55 -87 -292 -141 -99 -257 -163 10 -291 -50 -415 -257 100 106 -397 -408 
-215 -77 13 7 27 -37 39 110 126 103 -475 -383 -72 -272 -413 -262 
27 132 178 208 129 134 174 176 -92 116 -99 -80 71 56 -42 -34 
21 29 15 28 44 40 16 16 24 88 101 150 27 8 236 267 
6 14 -10 -8 31 48 -30 -31 0 7 8 10 28 98 59 101 
18 17 -16 -13 12 23 1 2 -25 -49 65 -43 -32 -10 7 12 
-25 -6 -30 18 25 32 34 32 -24 42 -31 2 37 21 28 37 
0 0 0 19 16 16 18 16 46 -35 -568 -968 -52 16 -300 -51 
0 0 0 0 0 0 0 0 0 0 -1 -3 0 0 0 0 
0 0 0 0 0 0 0 0 0 0 6 8 0 0 8 8 
16 16 16 16 16 16 16 16 16 16 16 16 16 16 16 16 
16 16 16 16 16 16 16 16 16 16 16 16 16 16 16 16 
16 16 16 16 16 16 16 16 16 16 16 16 16 16 16 16 
16 16 16 16 16 16 16 16 16 16 16 16 16 16 16 16 
16 16 16 16 16 16 16 16 16 16 16 16 16 16 16 16 
16 16 16 16 16 16 16 16 16 16 16 16 16 16 16 16 
16 16 16 16 16 16 16 16 16 16 16 16 16 16 16 16 
16 16 16 16 16 16 16 16 16 16 16 16 16 16 16 16 
16 16 16 16 16 16 16 16 16 16 16 16 16 16 16 16 
16 16 16 16 16 16 16 16 16 16 16 16 16 16 16 16 
16 16 16 16 16 16 16 16 16 16 16 16 16 16 16 16 
0 0 0 0 0 0 0 0 0 0 0 0 0 0 0 0 
0 0 0 0 0 0 0 0 0 0 0 0 0 0 0 0 
0 0 0 0 0 0 0 0 0 0 0 0 0 0 0 0 
44 17 33 -182 68 73 399 72 1272 1984 1272 1984 1588 72 1600 72 
22 -99 15 -129 -16 -20 -8 0 -3 -115 -11 -113 59 56 58 50 
-16 -20 -11 -16 -8 -9 -20 -36 4 -12 7 -13 -37 -153 -47 -182 
15 -58 10 -128 40 -38 46 -56 -104 -172 -149 -290 34 -82 62 -53 
28 0 32 0 -16 -8 -16 -8 20 0 16 0 -16 -8 -16 -8 
34 36 44 48 36 35 48 44 44 48 44 48 48 48 48 48 
-14 -16 -8 -16 -16 -16 -16 -16 0 0 0 0 0 0 0 0 
-16 -16 -16 -16 -16 -16 -16 -16 0 0 0 0 0 0 0 0 
0 0 0 0 0 0 0 0 16 16 14 12 16 16 12 12 
0 0 0 0 -16 -16 -16 -16 16 16 16 16 0 0 0 0 
0 0 0 0 0 0 0 0 16 16 16 16 16 12 16 12 
0 0 0 0 0 -4 0 -4 8 0 8 0 0 -4 0 -2 
-4 -8 -8 -16 -8 -12 -16 -16 -8 -16 -4 -8 -16 -16 -16 -16 
0 0 0 0 0 0 0 0 0 0 0 0 0 0 0 0 
0 0 0 0 0 0 0 0 0 0 0 4 0 0 14 -13 
0 0 0 0 0 0 0 0 0 0 0 6 0 0 2 -6 
0 0 0 0 0 0 0 0 0 0 0 0 0 0 0 0 
0 0 0 0 0 0 0 0 0 0 0 0 0 0 0 0 
0 0 0 0 0 0 0 0 0 0 6 8 0 0 8 8 
0 0 0 0 0 8 0 8 0 0 8 8 0 8 8 12 
18 20 28 32 20 19 32 28 28 32 28 32 32 28 32 28 
-2 -4 8 0 -4 -4 0 0 8 0 12 8 0 0 8 8 
-4 -4 0 0 -4 -2 0 0 0 0 8 8 0 0 8 8 
4 4 16 16 4 4 16 16 16 16 16 16 16 16 16 16 
4 4 16 16 4 8 16 16 16 16 16 16 16 16 16 16 
16 16 16 16 16 24 16 24 16 16 16 16 16 24 16 24 
34 36 44 48 36 36 48 48 44 48 44 48 48 48 48 48 
4 4 16 16 4 4 16 16 16 16 16 16 16 16 16 16 
4 4 16 16 4 4 16 16 16 16 16 16 16 16 16 16 
4 4 16 16 4 4 16 16 16 16 16 16 16 16 16 16 
0 0 16 16 0 0 16 16 16 16 16 16 16 16 16 16 
0 0 16 16 0 0 16 16 16 16 16 16 16 16 16 16 
32 28 48 40 -8 -16 -8 -16 48 40 47 40 -4 -16 -4 -16 
72 86 -455 -133 43 32 19 32 -587 -535 -394 -379 -127 32 -324 45 
28 28 32 32 28 28 32 32 32 32 37 32 32 32 32 32 
-4 -4 0 0 -4 -2 0 0 0 0 0 0 0 -21 0 -6 
74 -47 40 -133 -75 -55 -145 -122 6 -197 125 -60 -404 -400 -376 -130 
-122 -74 -192 -83 -309 -230 -361 -207 -237 -2 45 344 -122 -89 105 62 
47 -155 -270 -61 -88 -25 119 -302 99 76 216 -139 -134 -525 -583 -559 
31 78 177 23 -241 -130 -166 -120 -141 220 -352 -300 -102 -42 -139 111 
-16 -16 -7 -8 -16 -16 -12 -14 28 28 2 0 28 26 0 0 
0 0 0 0 0 0 0 0 0 0 0 0 0 0 0 0 
0 0 0 0 0 0 0 0 0 0 0 0 0 0 0 0 
104 481 57 13 442 844 290 691 -41 -18 3 25 -27 -51 32 18 
0 0 0 0 0 0 0 0 0 0 0 0 0 0 0 0 
225 225 225 225 -223 70 74 95 22 16 24 30 77 64 64 56 
0 0 0 0 0 0 0 0 0 0 0 0 0 0 0 0 
4 4 -4 -4 4 4 -4 -4 0 0 0 0 0 0 0 0 
4 4 -4 -4 0 0 0 0 0 0 0 0  