1712 1712 1712 1712 1712 1712 1712 1712 1712 1712 1712 1712 1712 1712 1712 1712 
-80 -80 -80 -80 -80 -80 -80 -80 -80 -80 -80 -80 -80 -80 -80 -80 
0 0 0 0 0 0 0 0 0 0 0 0 0 0 0 0 
0 0 0 0 0 0 0 0 0 0 0 0 0 0 0 0 
0 0 0 0 0 0 0 0 0 0 0 0 0 0 0 0 
0 0 0 0 0 0 0 0 0 0 0 0 0 0 0 0 
0 0 0 0 0 0 0 0 0 0 0 0 0 0 0 0 
0 0 0 0 0 0 0 0 0 0 0 0 0 0 0 0 
0 0 0 0 0 0 0 0 0 0 0 0 0 0 0 0 
0 0 0 0 0 0 0 0 0 0 0 0 0 0 0 0 
0 0 0 0 0 0 0 0 0 0 0 0 0 0 0 0 
0 0 0 0 0 0 0 0 0 0 0 0 0 0 0 0 
0 0 0 0 0 0 0 0 0 0 0 0 0 0 0 0 
0 0 0 0 0 0 0 0 0 0 0 0 0 0 0 0 
0 0 0 0 0 0 0 0 0 0 0 0 0 0 0 0 
0 0 0 0 0 0 0 0 0 0 0 0 0 0 0 0 
0 0 0 0 0 0 0 0 0 0 0 0 0 0 0 0 
0 0 0 0 0 0 0 0 0 0 0 0 0 0 0 0 
0 0 0 0 0 0 0 0 0 0 0 0 0 0 0 0 
0 0 0 0 0 0 0 0 0 0 0 0 0 0 0 0 
0 0 0 0 0 0 0 0 0 0 0 0 0 0 0 0 
0 0 0 0 0 0 0 0 0 0 0 0 0 0 0 0 
0 0 0 0 0 0 0 0 0 0 0 0 0 0 0 0 
0 0 0 0 0 0 0 0 0 0 0 0 0 0 0 0 
0 0 0 0 0 0 0 0 0 0 0 0 0 0 0 0 
0 0 0 0 0 0 0 0 0 0 0 0 0 0 0 0 
0 0 0 0 0 0 0 0 0 0 0 0 0 0 0 0 
0 0 0 0 0 0 0 0 0 0 0 0 0 0 0 0 
0 0 0 0 0 0 0 0 0 0 0 0 0 0 0 0 
0 0 0 0 0 0 0 0 0 0 0 0 0 0 0 0 
0 0 0 0 0 0 0 0 0 0 0 0 0 0 0 0 
0 0 0 0 0 0 0 0 0 0 0 0 0 0 0 0 
0 0 0 0 0 0 0 0 0 0 0 0 0 0 0 0 
0 0 0 0 0 0 0 0 0 0 0 0 0 0 0 0 
0 0 0 0 0 0 0 0 0 0 0 0 0 0 0 0 
0 0 0 0 0 0 0 0 0 0 0 0 0 0 0 0 
0 0 0 0 0 0 0 0 0 0 0 0 0 0 0 0 
0 0 0 0 0 0 0 0 0 0 0 0 0 0 0 0 
0 0 0 0 0 0 0 0 0 0 0 0 0 0 0 0 
0 0 0 0 0 0 0 0 0 0 0 0 0 0 0 0 
0 0 0 0 0 0 0 0 0 0 0 0 0 0 0 0 
0 0 0 0 0 0 0 0 0 0 0 0 0 0 0 0 
0 0 0 0 0 0 0 0 0 0 0 0 0 0 0 0 
0 0 0 0 0 0 0 0 0 0 0 0 0 0 0 0 
0 0 0 0 0 0 0 0 0 0 0 0 0 0 0 0 
0 0 0 0 0 0 0 0 0 0 0 0 0 0 0 0 
0 0 0 0 0 0 0 0 0 0 0 0 0 0 0 0 
0 0 0 0 0 0 0 0 0 0 0 0 0 0 0 0 
0 0 0 0 0 0 0 0 0 0 0 0 0 0 0 0 
0 0 0 0 0 0 0 0 0 0 0 0 0 0 0 0 
0 0 0 0 0 0 0 0 0 0 0 0 0 0 0 0 
0 0 0 0 0 0 0 0 0 0 0 0 0 0 0 0 
0 0 0 0 0 0 0 0 0 0 0 0 0 0 0 0 
0 0 0 0 0 0 0 0 0 0 0 0 0 0 0 0 
0 0 0 0 0 0 0 0 0 0 0 0 0 0 0 0 
0 0 0 0 0 0 0 0 0 0 0 0 0 0 0 0 
0 0 0 0 0 0 0 0 0 0 0 0 0 0 0 0 
0 0 0 0 0 0 0 0 0 0 0 0 0 0 0 0 
0 0 0 0 0 0 0 0 0 0 0 0 0 0 0 0 
0 0 0 0 0 0 0 0 0 0 0 0 0 0 0 0 
0 0 0 0 0 0 0 0 0 0 0 0 0 0 0 0 
0 0 0 0 0 0 0 0 0 0 0 0 0 0 0 0 
0 0 0 0 0 0 0 0 0 0 0 0 0 0 0 0 
0 0 0 0 0 0 0 0 0 0 0 0 0 0 0 0 
0 0 0 0 0 0 0 0 0 0 0 0 0 0 0 0 
0 0 0 0 0 0 0 0 0 0 0 0 0 0 0 0 
0 0 0 0 0 0 0 0 0 0 0 0 0 0 0 0 
0 0 0 0 0 0 0 0 0 0 0 0 0 0 0 0 
0 0 0 0 0 0 0 0 0 0 0 0 0 0 0 0 
0 0 0 0 0 0 0 0 0 0 0 0 0 0 0 0 
0 0 0 0 0 0 0 0 0 0 0 0 0 0 0 0 
0 0 0 0 0 0 0 0 0 0 0 0 0 0 0 0 
0 0 0 0 0 0 0 0 0 0 0 0 0 0 0 0 
0 0 0 0 0 0 0 0 0 0 0 0 0 0 0 0 
0 0 0 0 0 0 0 0 0 0 0 0 0 0 0 0 
0 0 0 0 0 0 0 0 0 0 0 0 0 0 0 0 
0 0 0 0 0 0 0 0 0 0 0 0 0 0 0 0 
0 0 0 0 0 0 0 0 0 0 0 0 0 0 0 0 
0 0 0 0 0 0 0 0 0 0 0 0 0 0 0 0 
0 0 0 0 0 0 0 0 0 0 0 0 0 0 0 0 
-80 -80 -80 -80 -80 -80 -80 -80 -80 -80 -80 -80 -80 -80 -80 -80 
0 0 0 0 0 0 0 0 0 0 0 0 0 0 0 0 
0 0 0 0 0 0 0 0 0 0 0 0 0 0 0 0 
0 0 0 0 0 0 0 0 0 0 0 0 0 0 0 0 
0 0 0 0 0 0 0 0 0 0 0 0 0 0 0 0 
0 0 0 0 0 0 0 0 0 0 0 0 0 0 0 0 
0 0 0 0 0 0 0 0 0 0 0 0 0 0 0 0 
0 0 0 0 0 0 0 0 0 0 0 0 0 0 0 0 
0 0 0 0 0 0 0 0 0 0 0 0 0 0 0 0 
0 0 0 0 0 0 0 0 0 0 0 0 0 0 0 0 
0 0 0 0 0 0 0 0 0 0 0 0 0 0 0 0 
0 0 0 0 0 0 0 0 0 0 0 0 0 0 0 0 
0 0 0 0 0 0 0 0 0 0 0 0 0 0 0 0 
0 0 0 0 0 0 0 0 0 0 0 0 0 0 0 0 
0 0 0 0 0 0 0 0 0 0 0 0 0 0 0 0 
0 0 0 0 0 0 0 0 0 0 0 0 0 0 0 0 
0 0 0 0 0 0 0 0 0 0 0 0 0 0 0 0 
0 0 0 0 0 0 0 0 0 0 0 0 0 0 0 0 
0 0 0 0 0 0 0 0 0 0 0 0 0 0 0 0 
0 0 0 0 0 0 0 0 0 0 0 0 0 0 0 0 
0 0 0 0 0 0 0 0 0 0 0 0 0 0 0 0 
0 0 0 0 0 0 0 0 0 0 0 0 0 0 0 0 
0 0 0 0 0 0 0 0 0 0 0 0 0 0 0 0 
0 0 0 0 0 0 0 0 0 0 0 0 0 0 0 0 
0 0 0 0 0 0 0 0 0 0 0 0 0 0 0 0 
0 0 0 0 0 0 0 0 0 0 0 0 0 0 0 0 
0 0 0 0 0 0 0 0 0 0 0 0 0 0 0 0 
0 0 0 0 0 0 0 0 0 0 0 0 0 0 0 0 
0 0 0 0 0 0 0 0 0 0 0 0 0 0 0 0 
0 0 0 0 0 0 0 0 0 0 0 0 0 0 0 0 
0 0 0 0 0 0 0 0 0 0 0 0 0 0 0 0 
0 0 0 0 0 0 0 0 0 0 0 0 0 0 0 0 
0 0 0 0 0 0 0 0 0 0 0 0 0 0 0 0 
0 0 0 0 0 0 0 0 0 0 0 0 0 0 0 0 
0 0 0 0 0 0 0 0 0 0 0 0 0 0 0 0 
0 0 0 0 0 0 0 0 0 0 0 0 0 0 0 0 
0 0 0 0 0 0 0 0 0 0 0 0 0 0 0 0 
0 0 0 0 0 0 0 0 0 0 0 0 0 0 0 0 
0 0 0 0 0 0 0 0 0 0 0 0 0 0 0 0 
0 0 0 0 0 0 0 0 0 0 0 0 0 0 0 0 
0 0 0 0 0 0 0 0 0 0 0 0 0 0 0 0 
0 0 0 0 0 0 0 0 0 0 0 0 0 0 0 0 
0 0 0 0 0 0 0 0 0 0 0 0 0 0 0 0 
0 0 0 0 0 0 0 0 0 0 0 0 0 0 0 0 
0 0 0 0 0 0 0 0 0 0 0 0 0 0 0 0 
0 0 0 0 0 0 0 0 0 0 0 0 0 0 0 0 
0 0 0 0 0 0 0 0 0 0 0 0 0 0 0 0 
0 0 0 0 0 0 0 0 0 0 0 0 0 0 0 0 
0 0 0 0 0 0 0 0 0 0 0 0 0 0 0 0 
0 0 0 0 0 0 0 0 0 0 0 0 0 0 0 0 
0 0 0 0 0 0 0 0 0 0 0 0 0 0 0 0 
0 0 0 0 0 0 0 0 0 0 0 0 0 0 0 0 
0 0 0 0 0 0 0 0 0 0 0 0 0 0 0 0 
0 0 0 0 0 0 0 0 0 0 0 0 0 0 0 0 
0 0 0 0 0 0 0 0 0 0 0 0 0 0 0 0 
0 0 0 0 0 0 0 0 0 0 0 0 0 0 0 0 
0 0 0 0 0 0 0 0 0 0 0 0 0 0 0 0 
0 0 0 0 0 0 0 0 0 0 0 0 0 0 0 0 
0 0 0 0 0 0 0 0 0 0 0 0 0 0 0 0 
0 0 0 0 0 0 0 0 0 0 0 0 0 0 0 0 
0 0 0 0 0 0 0 0 0 0 0 0 0 0 0 0 
0 0 0 0 0 0 0 0 0 0 0 0 0 0 0 0 
0 0 0 0 0 0 0 0 0 0 0 0 0 0 0 0 
0 0 0 0 0 0 0 0 0 0 0 0 0 0 0 0 
0 0 0 0 0 0 0 0 0 0 0 0 0 0 0 0 
0 0 0 0 0 0 0 0 0 0 0 0 0 0 0 0 
0 0 0 0 0 0 0 0 0 0 0 0 0 0 0 0 
0 0 0 0 0 0 0 0 0 0 0 0 0 0 0 0 
0 0 0 0 0 0 0 0 0 0 0 0 0 0 0 0 
0 0 0 0 0 0 0 0 0 0 0 0 0 0 0 0 
0 0 0 0 0 0 0 0 0 0 0 0 0 0 0 0 
0 0 0 0 0 0 0 0 0 0 0 0 0 0 0 0 
0 0 0 0 0 0 0 0 0 0 0 0 0 0 0 0 
0 0 0 0 0 0 0 0 0 0 0 0 0 0 0 0 
0 0 0 0 0 0 0 0 0 0 0 0 0 0 0 0 
0 0 0 0 0 0 0 0 0 0 0 0 0 0 0 0 
0 0 0 0 0 0 0 0 0 0 0 0 0 0 0 0 
0 0 0 0 0 0 0 0 0 0 0 0 0 0 0 0 
0 0 0 0 0 0 0 0 0 0 0 0 0 0 0 0 
-16 -16 -16 -16 0 0 0 0 -16 -16 -16 -16 0 0 0 0 
0 0 0 0 0 0 0 0 0 0 0 0 0 0 0 0 
0 0 0 0 0 0 0 0 0 0 0 0 0 0 0 0 
0 0 0 0 0 0 0 0 0 0 0 0 0 0 0 0 
0 0 0 0 0 0 0 0 0 0 0 0 0 0 0 0 
0 0 0 0 0 0 0 0 0 0 0 0 0 0 0 0 
0 0 0 0 0 0 0 0 0 0 0 0 0 0 0 0 
0 0 0 0 0 0 0 0 0 0 0 0 0 0 0 0 
0 0 0 0 0 0 0 0 0 0 0 0 0 0 0 0 
0 0 0 0 0 0 0 0 0 0 0 0 0 0 0 0 
0 0 0 0 0 0 0 0 0 0 0 0 0 0 0 0 
0 0 0 0 0 0 0 0 0 0 0 0 0 0 0 0 
0 0 0 0 0 0 0 0 0 0 0 0 0 0 0 0 
0 0 0 0 0 0 0 0 0 0 0 0 0 0 0 0 
0 0 0 0 0 0 0 0 0 0 0 0 0 0 0 0 
0 0 0 0 0 0 0 0 0 0 0 0 0 0 0 0 
0 0 0 0 0 0 0 0 0 0 0 0 0 0 0 0 
0 0 0 0 0 0 0 0 0 0 0 0 0 -1 0 -4 
0 0 0 0 0 0 0 0 -18 -20 -44 -48 -20 -23 -56 -62 
-4 -4 -8 -6 -4 -4 0 0 -24 -30 -98 -123 -37 -43 -176 -202 
-16 -16 -24 -24 -16 -16 -24 -24 -18 -23 -55 -79 -18 -16 -118 -134 
-16 -16 -24 -24 -16 -16 -24 -24 -32 -32 -4 -6 -32 -30 -6 12 
-16 -16 -24 -24 -16 -16 -20 -16 -9 -6 34 55 19 56 117 201 
-16 -16 -32 -32 0 0 -16 -16 -40 -40 -19 -22 -24 -24 -2 12 
0 0 0 0 0 0 0 0 0 0 -12 -7 0 0 -3 0 
0 0 0 0 0 0 0 0 0 0 -2 -6 0 0 -4 -7 
0 0 0 0 0 0 0 0 0 0 -3 -7 0 0 -7 -4 
0 0 0 0 0 0 0 0 0 0 0 0 0 0 0 0 
0 0 0 0 0 0 0 0 0 0 -8 -5 0 0 -7 -8 
0 0 0 0 0 0 0 0 0 0 0 0 0 0 0 0 
0 0 0 0 0 0 0 0 0 0 0 0 0 0 0 0 
0 0 0 0 0 0 0 0 0 0 0 0 0 0 0 0 
0 0 0 0 0 0 0 0 0 0 0 0 0 0 0 0 
0 0 0 0 0 0 0 0 0 0 0 0 0 0 0 0 
0 0 0 0 0 0 0 0 0 0 0 0 0 0 0 0 
0 0 0 0 0 0 0 0 0 0 0 0 0 0 0 0 
0 0 0 0 0 0 0 0 0 0 0 0 0 0 0 0 
0 0 0 0 0 0 0 0 0 0 0 0 0 0 0 0 
0 0 0 0 0 0 0 0 0 0 0 0 0 0 0 0 
0 0 0 0 0 0 0 0 0 0 0 0 0 0 0 0 
0 0 0 0 0 0 0 0 0 0 0 0 0 0 0 0 
0 0 0 0 0 0 0 0 0 0 0 0 0 0 0 0 
0 0 0 0 0 0 0 0 0 0 0 0 0 0 0 0 
0 0 0 0 0 0 0 0 0 0 0 0 0 0 0 0 
0 0 0 0 0 0 0 0 0 0 0 0 0 0 0 0 
0 0 0 0 0 0 0 0 0 0 0 0 0 0 0 0 
0 0 0 0 0 0 0 0 0 0 0 0 0 0 0 0 
0 0 0 0 0 0 0 0 0 0 0 0 0 0 0 0 
0 0 0 0 0 0 0 0 0 0 0 0 0 0 0 0 
0 0 0 0 0 0 0 0 0 0 0 0 0 0 0 0 
0 0 0 0 0 0 0 0 0 0 0 0 0 0 0 0 
0 0 0 0 0 0 0 0 0 0 0 0 0 0 0 0 
0 0 0 0 0 0 0 0 0 0 0 0 0 0 0 0 
0 0 0 0 0 0 0 0 0 0 0 0 0 0 0 0 
0 0 0 0 0 0 0 0 0 0 -6 -6 0 0 -4 -4 
0 0 0 0 0 0 4 4 0 0 -8 -14 -4 -4 -32 -36 
0 0 0 0 0 0 0 0 -16 -16 -52 -52 -16 -16 -56 -56 
0 0 0 0 0 0 0 0 -8 0 -42 -29 0 0 -20 -20 
0 0 0 0 0 0 0 0 0 0 -20 -20 0 0 -20 -20 
0 0 0 0 0 0 0 0 0 0 -4 0 0 0 -3 -4 
0 0 0 0 0 0 0 0 0 0 0 0 0 0 0 0 
0 0 0 0 0 0 0 0 0 0 0 0 0 0 0 0 
0 0 0 0 0 0 0 0 0 0 0 0 0 0 0 0 
0 0 0 0 0 0 0 0 0 0 0 0 0 0 0 0 
0 0 0 0 0 0 0 0 0 0 0 0 0 0 0 0 
0 0 0 0 0 0 0 0 0 0 0 0 0 0 0 0 
0 0 0 0 0 0 0 0 0 0 0 0 0 0 0 0 
0 0 0 0 0 0 0 0 0 0 0 0 0 0 0 0 
0 0 0 0 0 0 0 0 0 0 0 0 0 0 0 0 
0 0 0 0 0 0 0 0 0 0 0 0 0 0 0 0 
0 0 0 0 0 0 0 0 0 0 0 0 0 0 0 0 
0 0 0 0 0 0 0 0 0 0 0 0 0 0 0 0 
0 0 0 0 0 0 0 0 0 0 0 0 0 0 0 0 
0 0 0 0 0 0 0 0 0 0 0 0 0 0 0 0 
0 0 0 0 0 0 0 0 0 0 0 0 0 0 0 0 
0 0 0 0 0 0 0 0 0 0 0 0 0 0 0 0 
0 0 0 0 0 0 0 0 0 0 0 0 0 0 0 0 
0 0 0 0 0 0 0 0 0 0 0 0 0 0 0 0 
0 0 0 0 0 0 0 0 0 0 0 0 0 0 0 0 
0 0 0 0 0 0 0 0 0 0 0 0 0 0 0 0 
-16 -16 -16 -16 -16 -16 -16 -16 -16 -16 -16 -16 -16 -16 -16 -16 
-16 -16 -16 -16 -16 -16 -16 -16 -16 -16 -16 -16 -16 -16 -16 -16 
-16 -16 -16 -16 -16 -16 -16 -16 -16 -16 -16 -16 -16 -16 -16 -16 
-16 -16 -16 -16 -16 -16 -16 -16 -16 -16 -16 -16 -16 -16 -16 -16 
-16 -16 -16 -16 -16 -16 -16 -16 -16 -16 -16 -16 -16 -16 -16 -16 
-16 -16 -16 -16 -16 -16 -16 -16 -16 -16 -16 -16 -16 -16 -16 -16 
-16 -16 -16 -16 -16 -16 -16 -16 -16 -16 -16 -16 -16 -16 -16 -16 
-16 -16 -16 -16 -16 -16 -16 -16 -16 -16 -18 -20 -16 -16 -16 -16 
-16 -16 -16 -16 -16 -16 -16 -16 -16 -16 -16 -16 -16 -16 -16 -16 
-16 -16 -16 -16 -16 -16 -16 -16 -16 -16 -16 -16 -16 -16 -16 -16 
-16 -16 -16 -16 -16 -16 -16 -16 -16 -16 -18 -20 -16 -16 -16 -16 
-16 -16 -16 -16 -16 -16 -16 -16 -16 -16 -16 -16 -16 -16 -16 -16 
-16 -16 -16 -16 -16 -16 -16 -16 -16 -16 -16 -16 -16 -16 -16 -16 
-16 -16 -16 -16 -16 -16 -16 -16 -16 -16 -16 -16 -16 -16 -16 -16 
-16 -16 -16 -16 -16 -16 -16 -16 -16 -16 -16 -16 -16 -16 -16 -16 
-16 -16 -16 -16 -16 -16 -16 -16 -16 -16 -16 -16 -16 -16 -16 -16 
-16 -16 -16 -16 -16 -16 -16 -16 -16 -16 -16 -16 -16 -16 -16 -16 
-16 -16 -16 -16 -32 -36 -32 -36 -32 -32 -32 -32 -48 -48 -48 -48 
7 0 8 0 -48 -63 -48 -57 0 -12 -4 -16 -71 -118 -75 -115 
22 -24 45 -52 -10 -75 -67 -156 -7 -81 -5 -76 -119 -261 -106 -168 
-98 -150 -138 -254 -145 -203 -313 -318 -136 -171 64 55 -195 -190 69 84 
-47 -54 -48 -52 -48 45 -30 68 13 -4 -50 -112 -26 -19 -140 -142 
-5 89 10 89 152 208 166 241 39 96 -5 59 158 267 150 264 
-33 -1 -164 -90 11 44 -38 4 -119 -6 32 111 23 68 136 184 
34 39 -60 -52 51 60 -36 -42 -66 -60 -11 -7 -74 -78 -21 -32 
-14 -26 0 -21 -20 -15 -14 -36 -12 -35 12 -8 -61 -99 -33 -54 
33 -5 -36 -89 4 21 -119 -121 -141 -208 -56 -120 -222 -211 -136 -132 
43 8 33 65 -4 -9 89 113 85 155 31 45 193 244 77 134 
8 37 -46 1 54 60 40 56 -51 4 -41 6 32 35 32 32 
-1 0 -4 0 16 16 16 16 -16 0 -33 -4 16 16 12 12 
-16 -16 -16 -16 -16 -16 -16 -16 0 0 -4 -4 0 0 -4 -4 
-16 -16 -16 -16 -16 -16 -16 -16 -16 -16 -16 -16 -16 -16 -16 -16 
-16 -16 -16 -16 -16 -16 -16 -16 -16 -16 -16 -14 -16 -16 -21 -15 
-16 -16 -16 -16 -16 -16 -16 -16 -16 -16 -18 -20 -16 -16 -20 -20 
-16 -16 -16 -15 -16 -16 -16 -16 -16 -16 -16 -18 -21 -34 -40 -68 
-16 -16 -16 -16 -16 -16 -16 -16 -20 -16 -90 -102 -20 -21 -92 -99 
-16 -16 -16 -16 -16 -16 -12 -12 2 2 -136 -137 14 17 -104 -101 
0 0 1 4 0 0 0 0 5 2 -97 -54 3 4 -48 -48 
-16 -16 -16 -16 -16 -16 -16 -16 -12 -12 -62 -59 -8 -12 -38 -24 
-16 -16 -16 -16 -16 -16 -16 -16 -16 -16 -19 -20 -16 -16 -37 -36 
-16 -16 -16 -16 -16 -16 -16 -16 -14 -15 -34 -24 -16 -16 -20 -20 
-16 -16 -16 -16 -16 -16 -16 -16 -16 -16 -23 -16 -16 -16 -16 -16 
-16 -16 -16 -16 -16 -16 -16 -16 -16 -16 -16 -16 -16 -16 -16 -16 
-16 -16 -16 -16 -16 -16 -16 -16 -16 -16 -16 -16 -16 -16 -16 -16 
-16 -16 -16 -16 -16 -16 -16 -16 -16 -16 -16 -16 -16 -16 -16 -16 
-16 -16 -16 -16 -16 -16 -16 -16 -16 -16 -16 -16 -16 -16 -16 -16 
-16 -16 -16 -16 -16 -16 -16 -16 -16 -16 -19 -21 -16 -16 -20 -27 
-16 -16 -12 -12 -16 -16 -12 -12 -20 -20 -67 -67 -20 -20 -68 -68 
-16 -16 -16 -16 -16 -16 -16 -16 0 0 -44 -44 8 16 -30 -18 
-16 -16 -16 -16 -16 -16 -16 -16 -16 -16 -41 -40 -16 -16 -40 -40 
-16 -16 -16 -16 -16 -16 -16 -16 -32 -32 -62 -64 -32 -32 -102 -100 
-16 -16 -16 -16 -16 -16 -24 -24 0 -4 -106 -120 -18 -16 -152 -158 
-16 -16 -16 -16 -16 -16 -16 -20 -9 -4 -49 -56 -4 -4 -52 -44 
-20 -24 -38 -44 -24 -30 -44 -45 -11 -8 -17 -7 -8 -15 -4 -17 
-12 -30 18 8 -52 -56 -12 -26 54 40 -56 -74 20 12 -92 -99 
-12 -14 -28 -49 -24 -28 -87 -100 13 0 -92 -95 -51 -110 -110 -161 
-20 -20 20 20 -24 -24 21 22 -8 -52 -83 -119 -70 -103 -154 -175 
-18 -16 20 24 -16 -16 36 40 20 30 -57 -61 68 68 -50 -46 
-16 -16 23 22 -16 -11 30 34 -40 -45 14 20 -16 0 48 71 
17 45 62 103 42 40 101 100 40 58 92 112 88 94 140 148 
16 16 10 16 30 46 41 80 12 53 80 125 89 98 159 173 
32 32 -9 -6 32 32 9 23 -94 -56 -160 -102 -52 -35 -66 -38 
-16 -16 -24 -24 -16 -16 -18 -16 7 9 -1 0 18 38 0 2 
0 0 0 0 0 0 0 0 -8 -8 -40 -40 -8 -8 -36 -36 
0 0 0 0 0 0 0 0 -8 -8 -40 -40 -8 -8 -40 -40 
0 0 0 0 0 0 0 0 0 0 -28 -7 0 0 0 0 
-16 -16 -16 -16 -16 -16 -16 -16 -16 -16 -16 -16 -16 -16 -16 -16 
-16 -16 -16 -16 -16 -16 -16 -16 -16 -16 -16 -16 -16 -16 -16 -16 
-16 -16 -16 -16 -16 -16 -16 -16 -16 -16 -16 -16 -16 -16 -16 -16 
-16 -16 -16 -16 -16 -16 -16 -16 -16 -16 -16 -16 -16 -16 -16 -16 
-16 -16 -16 -16 -16 -16 -16 -16 -16 -16 -16 -16 -16 -16 -16 -16 
-16 -16 -16 -16 -16 -16 -16 -16 -16 -16 -16 -16 -16 -16 -16 -16 
-16 -16 -16 -16 -16 -16 -16 -16 -16 -16 -16 -16 -16 -16 -16 -16 
-16 -16 -16 -16 -16 -16 -16 -16 -16 -16 -16 -16 -16 -16 -16 -16 
-16 -16 -16 -16 -16 -16 -16 -16 -16 -16 -16 -16 -16 -16 -16 -16 
-16 -16 -16 -16 -16 -16 -16 -16 -16 -16 -16 -16 -16 -16 -16 -16 
-16 -16 -16 -16 -16 -16 -16 -16 -16 -16 -16 -16 -16 -16 -16 -16 
-16 -16 -16 -16 -16 -16 -16 -16 -16 -16 -16 -16 -16 -16 -16 -16 
-16 -16 -16 -16 -16 -16 -16 -16 -16 -16 -16 -16 -16 -16 -16 -16 
-16 -16 -16 -16 -16 -16 -16 -16 -16 -16 -16 -16 -16 -16 -16 -16 
-16 -16 -16 -16 -16 -16 -16 -16 -16 -16 -16 -16 -16 -16 -16 -16 
-16 -16 -16 -16 -16 -16 -16 -16 -16 -16 -22 -30 -20 -24 -51 -59 
-16 -16 -20 -24 -16 -16 -16 -16 -42 -48 -74 -80 -44 -44 -80 -80 
-16 -16 -16 -20 -16 -16 -24 -28 -12 -18 -48 -56 -36 -41 -79 -84 
8 8 -18 -24 8 8 -24 -16 -22 -24 -60 -64 -24 -24 -64 -66 
3 4 0 4 4 4 4 4 -32 -32 -74 -85 -32 -32 -86 -80 
4 4 4 4 4 1 4 3 32 32 -16 -16 32 32 -10 -14 
-14 -16 -10 -16 -16 -14 -17 -16 23 -8 -21 -28 -16 -16 -26 -24 
3 4 -32 -32 4 4 -28 -28 -16 -16 -22 -22 -16 -13 -28 -24 
-4 -4 -12 -6 0 -4 20 26 -14 8 -22 -7 -1 2 -20 -16 
-16 -20 12 8 -20 -18 2 0 24 26 -3 1 12 16 14 22 
-1 0 -8 -8 0 -1 -8 -9 29 32 55 56 32 32 46 44 
-10 -12 -24 -28 -12 -12 -24 -24 23 10 58 62 4 4 60 62 
0 0 -32 -33 16 16 -27 -26 -40 -48 0 -8 -92 -88 -42 -55 
20 20 -12 -10 20 20 -2 8 -52 -42 -30 -27 -16 4 -20 -11 
16 16 11 16 16 16 16 16 -4 4 -40 -28 4 4 -28 -28 
-16 -16 -16 -16 -16 -16 -16 -16 -12 -12 -44 -44 -8 0 -32 -18 
-5 -16 0 -5 -28 -29 -1 -6 0 0 -6 -4 1 -4 -4 -7 
-14 -13 -8 -12 -23 -52 -24 -54 -5 -15 -4 -10 -30 -63 -6 -29 
69 28 68 36 -17 -92 -10 -73 27 13 82 76 -3 -16 80 80 
3 -71 -13 -92 -118 -203 -136 -151 13 22 20 30 31 65 -13 4 
-106 -123 -40 -48 -122 -67 -35 12 42 28 23 19 -6 -50 -24 -81 
35 93 19 32 92 77 34 24 -31 -99 -137 -216 -148 -160 -286 -350 
39 77 76 104 15 72 16 67 22 26 -59 -55 -63 -17 -146 -112 
-4 0 -12 -3 -19 -16 -16 -16 68 104 54 99 104 102 138 144 
-4 -23 0 -4 -35 -65 -11 -52 3 2 23 28 -17 -27 16 28 
24 -28 36 8 -34 -68 -18 -64 33 18 79 87 -5 -16 100 96 
-51 -43 -80 -78 13 75 -19 18 -14 -19 108 87 3 -16 0 -60 
32 58 -26 0 71 96 40 71 -59 -34 -119 -111 11 39 -109 -98 
30 24 58 44 14 0 23 8 44 16 -41 -51 -70 -157 -53 -155 
20 22 -37 -18 36 40 23 32 -99 -120 -177 -302 -114 -55 -382 -439 
0 0 -12 -6 16 14 15 22 96 154 -102 -46 165 157 -21 -5 
65 53 217 95 52 7 -32 -248 269 106 32 77 -87 -221 149 285 
-24 -20 -31 -26 -24 -24 16 24 12 189 123 192 224 158 251 196 
-24 -24 28 46 -25 -74 184 240 -165 -206 -164 -335 -171 -166 -286 -156 
11 -33 -87 -163 -83 -128 -214 -216 -20 1 186 248 67 131 161 119 
71 75 39 28 84 55 39 59 58 32 -37 1 38 10 19 -28 
-95 -6 -156 -131 1 26 -141 -94 -238 -200 -146 -196 -165 -80 -208 -165 
1 53 54 102 89 103 113 108 88 87 -5 -4 32 -26 -22 -49 
32 -10 -33 -56 -26 -24 -54 -49 -48 -100 -72 -140 -83 -31 -134 -81 
-72 -72 -78 -73 -34 27 -20 56 -91 -56 -54 -25 -5 98 29 110 
44 68 29 70 80 80 80 80 23 65 -113 -62 58 56 -38 -44 
0 0 0 1 0 0 -4 -15 -25 -40 -39 -124 -70 -84 -206 -219 
60 60 104 93 64 64 68 64 91 34 -21 -52 12 12 -50 -46 
4 -2 56 49 -20 -24 36 35 21 26 54 67 38 47 74 84 
-52 -54 -6 2 -66 -68 13 16 54 116 80 88 129 137 71 60 
-67 -98 34 42 -95 -95 67 63 -2 -40 -62 -123 -67 -146 -176 -190 
40 62 194 130 44 31 68 43 113 -3 30 -4 -62 -69 -58 -74 
-6 -9 -94 -110 -31 -104 -158 -216 4 4 -21 -35 8 4 -34 -21 
81 92 -50 -64 96 88 -53 -63 -31 -30 13 28 -43 -91 12 -48 
-34 -67 -25 -57 -84 -116 -72 -99 -116 -139 -88 -118 -152 -180 -133 -160 
-84 -100 -61 -78 -123 -136 -88 -88 -70 -108 -54 -78 -106 -101 -105 -114 
-124 -140 13 4 -160 -157 -16 -23 0 -8 -22 -30 -37 -44 -52 -60 
24 36 0 -9 65 80 -41 -28 -18 -25 10 2 -46 -42 -16 -18 
60 56 10 30 69 54 57 34 -26 -25 -52 -65 -7 -24 -59 -68 
-84 -92 -48 -48 -85 -86 -34 -46 -28 -22 -28 -22 -12 -12 -20 -14 
-88 -96 -54 -64 -102 -106 -64 -60 16 16 39 46 16 13 54 60 
-48 -52 7 -2 -36 -31 -56 -78 4 -7 71 76 -62 -75 98 96 
-2 -6 -79 -81 -25 -44 -61 -42 -68 -74 -32 -41 -3 142 36 170 
-6 29 -143 -91 86 128 -47 41 -55 -16 -78 -78 -22 21 -75 -37 
0 29 -47 -4 -28 1 -30 27 -68 19 -162 -78 -4 11 -134 -136 
0 36 50 54 36 32 57 36 64 43 -40 -85 57 37 -61 -43 
17 20 5 8 20 20 8 8 6 8 5 5 8 5 -4 -2 
32 32 34 26 32 32 5 -8 32 31 -33 -32 15 -12 -8 47 
-28 -27 -127 -123 -7 0 -63 -3 -177 -144 -153 -72 -53 5 -9 8 
-10 18 2 29 32 32 32 32 12 16 9 12 20 30 12 12 
16 16 16 16 0 0 0 0 0 -4 -4 -12 -12 -12 -16 -16 
0 0 0 0 0 0 0 0 -24 -24 -32 -32 -24 -16 -32 -30 
0 0 0 0 0 0 0 0 -10 -4 -29 -25 0 0 -12 -8 
0 0 0 0 0 0 0 0 0 0 -8 -7 0 0 -2 0 
0 0 0 0 0 0 0 0 0 0 0 0 0 0 0 0 
0 0 0 0 0 0 0 0 0 0 0 0 0 0 0 0 
0 0 0 0 0 0 0 0 0 0 0 0 0 0 0 0 
0 0 0 0 0 0 0 0 0 0 0 0 0 0 0 0 
0 0 0 0 0 0 0 0 0 0 0 0 0 0 0 0 
0 0 0 0 0 0 0 0 0 0 0 0 0 0 0 0 
0 0 0 0 0 0 0 0 0 0 0 0 0 0 0 0 
0 0 0 0 0 0 0 0 0 0 -2 -4 -16 -16 -16 -16 
0 0 0 0 0 0 0 0 0 0 -8 -7 0 0 -3 0 
0 0 0 0 0 0 0 0 0 0 0 -6 -4 -4 -25 -28 
-44 -44 -104 -104 -44 -48 -102 -110 -168 -167 -232 -237 -182 -203 -266 -293 
-20 -32 -24 -36 -54 -58 -56 -60 -52 -52 -64 -64 -52 -56 -68 -70 
-2 -4 0 -10 -8 -12 -37 -56 -6 -8 -28 -28 -15 -84 -42 -110 
-1 -14 -34 -38 -30 -35 -24 -23 -80 -80 -166 -163 -58 -48 -104 -94 
-18 -20 -12 -26 -20 -24 -32 -40 61 12 9 -51 -13 -21 -129 -142 
-18 -74 -56 -123 -85 -84 -135 -126 -5 -4 -1 -2 10 15 -19 -15 
-58 -46 -69 -69 -11 -15 -35 -28 -7 -41 -66 -15 -88 -184 19 10 
4 3 -29 -32 22 28 -7 5 -185 -118 -10 -50 -92 -28 45 91 
-18 -25 -20 -25 -28 12 -33 7 2 11 70 62 -13 -54 42 -20 
28 20 16 0 -10 -16 -74 -90 -22 -27 -80 -73 -55 -60 -101 -104 
-16 -15 -24 -25 -10 -2 -23 -13 3 -2 29 36 -11 36 52 -2 
10 8 -32 -38 -8 -8 -18 20 72 76 5 77 23 96 90 94 
11 -2 -1 -5 -11 28 -24 14 40 40 2 8 47 52 39 47 
40 34 23 30 11 12 58 72 60 65 44 34 92 104 12 28 
3 0 59 59 -19 -16 47 43 93 105 54 73 131 110 108 153 
17 45 20 35 24 6 42 30 25 11 -8 -45 7 49 -45 -6 
4 4 32 32 8 14 53 78 68 64 13 8 49 94 5 58 
26 28 8 8 28 27 8 8 -48 -44 -134 -120 -26 -20 -100 -92 
-26 -22 1 7 -10 -12 11 19 8 14 -15 -9 22 23 -13 -10 
-12 -19 20 15 -60 -81 -19 -38 8 14 -26 -36 36 -7 -79 -140 
-23 -30 -6 9 -18 13 21 24 -8 26 -100 -145 54 62 -91 -69 
-23 -56 63 52 -87 -108 33 42 -29 -118 -31 -31 -122 -91 18 170 
-41 -46 134 128 -36 -43 69 -47 73 70 129 107 -46 -187 -67 -119 
71 63 6 14 58 36 61 98 -157 -61 -3 16 7 48 43 109 
-28 -21 39 45 15 66 54 57 28 63 76 102 61 49 133 125 
36 40 -7 -11 42 74 -13 24 -18 -79 42 37 -141 -90 18 -57 
60 50 -30 -27 86 69 32 -31 -14 27 -89 -66 -28 -64 -71 -69 
-38 -52 -41 24 -63 -87 31 70 7 78 21 -14 52 4 -158 -268 
10 2 61 55 -43 -49 44 36 129 166 -18 74 145 131 58 43 
132 140 307 259 152 46 110 -20 232 112 46 40 -26 -154 -25 -157 
39 -31 57 85 -92 -121 71 6 -55 -46 -46 -132 -40 33 -90 0 
-137 -108 -55 -56 -121 -77 -7 78 50 59 32 36 94 194 59 66 
-181 -89 52 248 -32 -101 307 96 103 385 -169 146 459 232 251 139 
-202 -210 -107 -86 -212 -197 -78 -27 51 90 -7 -470 36 17 -841 -864 
-34 114 98 127 230 205 80 -90 -396 -379 -6 82 -175 -365 266 226 
127 64 -11 -109 10 -74 -151 -115 -55 -111 74 62 -75 28 114 181 
29 51 -1 133 60 53 139 132 35 217 -14 122 233 175 155 61 
-79 -142 -1 51 -166 -74 74 46 13 74 -86 -44 -13 -172 -94 -138 
22 28 61 53 26 -33 0 -56 -107 -92 -12 1 -67 -50 18 35 
-60 -101 -54 -52 -98 -88 -48 -44 -25 -16 36 44 -12 0 48 58 
60 63 -1 -4 87 106 -18 -10 51 56 48 52 53 52 52 52 
112 124 -13 4 142 143 48 60 24 34 23 37 74 84 54 60 
-40 -90 27 -16 -88 -80 -8 9 -6 -10 -15 -9 6 9 10 12 
-36 -45 -25 -29 -57 -52 -41 -52 -21 -34 -1 -21 -46 -50 -34 -39 
23 66 -21 10 60 51 -2 -24 -32 -25 -8 -8 -48 -87 -19 -31 
-50 -69 -83 -101 -112 -136 -111 -111 -42 -46 -32 -32 -44 -34 -32 -37 
-57 -81 1 0 -84 -78 4 4 19 24 -33 -39 20 20 -36 -36 
-12 -16 8 8 -30 -32 16 16 20 26 24 28 52 57 52 56 
-57 -99 -1 -12 -98 -82 -34 -26 36 20 39 22 0 -4 3 -3 
17 62 20 48 37 -25 15 -39 6 11 -20 -20 -26 -68 -28 -41 
-90 -95 -73 -76 -91 -84 -73 -67 -46 -42 -12 -11 -39 -22 -2 15 
-4 -6 -1 -2 -16 -21 -10 -13 29 34 52 57 30 26 48 57 
-4 -10 19 16 -14 -20 16 14 -4 -4 31 32 -4 -4 32 32 
-24 -59 -14 -53 -95 -124 -87 -118 20 -20 31 1 -53 -83 -25 -56 
-8 -16 -12 -20 -30 -37 -40 -44 -67 -76 -57 -74 -96 -101 -93 -96 
-45 -42 -57 -44 -32 -17 -34 -27 -37 -30 -33 -20 -20 -7 -10 -3 
15 18 -8 -10 35 39 -32 -36 12 4 6 -3 -19 -24 -17 -20 
52 60 -32 -31 126 166 -11 84 -24 -26 -13 -14 -30 -17 -19 -20 
-82 -42 37 37 56 149 60 137 -7 -6 -20 -20 21 85 -14 31 
40 38 27 24 52 67 3 10 14 52 60 123 30 23 140 130 
-14 51 -87 -31 46 30 -56 -77 -150 -156 -102 -130 -136 -98 -100 -42 
-20 -79 -32 -124 -55 -24 -128 -120 -38 -177 -24 -159 -239 -244 -267 -284 
106 101 15 3 28 18 -56 -65 3 -5 -14 -24 -37 -39 -52 -60 
-70 46 -191 11 132 230 204 325 -170 -60 -25 18 41 196 69 257 
4 -14 -118 -96 -25 -14 -92 -74 -327 -204 -618 -460 -159 -173 -456 -451 
-8 -8 -23 -33 -24 -24 -71 -80 -66 -78 -4 -8 -96 -98 -24 -21 
20 16 12 19 32 36 48 66 -21 -25 55 76 -22 27 113 188 
60 60 0 11 64 64 44 60 -91 -39 -172 -108 -16 -12 -96 -92 
0 0 -9 -8 -8 -8 -16 -16 24 30 8 12 48 62 32 51 
8 12 4 7 28 32 26 32 -22 -14 -88 -77 20 32 -9 29 
0 0 0 0 0 0 0 0 0 0 0 0 0 0 0 0 
0 0 0 0 0 0 0 0 0 0 0 0 0 0 0 0 
0 0 0 0 0 0 0 0 0 0 0 0 0 0 0 0 
0 0 0 0 0 0 0 0 0 0 0 0 0 0 0 0 
0 0 0 0 0 0 0 0 0 0 0 0 0 0 -3 -4 
0 0 0 0 0 0 0 0 0 0 -4 -6 0 0 -8 -8 
0 0 0 0 0 -4 0 0 0 -2 -8 -14 -19 -20 -46 -52 
-18 -20 -16 -16 -32 -32 -16 -16 -28 -28 -68 -68 -28 -28 -68 -69 
-36 -32 -32 -28 -19 -16 -20 -8 -10 -12 -44 -52 -23 -22 -69 -75 
20 8 -2 -20 -6 -16 -31 -41 -4 -20 -56 -69 -32 -43 -80 -96 
-40 -43 -92 -110 -72 -120 -175 -216 -113 -152 -165 -195 -179 -184 -190 -183 
10 10 -80 -84 -42 -54 -125 -105 30 24 19 34 26 58 44 50 
-18 -31 -10 -20 -36 -22 -40 -42 28 4 0 -29 9 23 -31 -21 
-35 -13 -13 60 10 19 64 68 61 70 -12 -13 74 76 -8 -6 
-22 44 -24 50 66 4 49 -112 39 78 -34 -5 75 -35 -20 -60 
41 -22 -71 -99 -51 -53 -105 -116 31 35 1 -49 6 -56 -90 -157 
-21 -17 46 52 12 69 76 133 -4 -13 -29 -41 -34 -3 -9 -144 
58 89 -54 -71 97 97 -60 -60 -11 -84 -209 -326 -150 -219 -323 -252 
55 -17 42 -52 -89 -171 -114 -130 11 -46 7 -60 -56 -75 -123 -116 
-145 -110 -110 -94 -46 -20 -74 -46 6 -22 -16 -47 -34 2 -62 -39 
-71 -16 -67 9 -4 -72 36 -48 5 103 -86 -19 169 -3 23 -49 
-203 -111 -110 -117 -70 -123 -133 -198 36 78 -66 -12 86 66 12 14 
63 52 -133 -34 100 144 -2 -53 -127 -111 27 40 -109 -162 52 35 
63 69 18 114 140 218 120 166 -45 28 -82 -106 61 60 -87 -83 
15 97 -184 -99 126 123 28 89 -194 -177 -87 -69 -90 -30 -37 -17 
24 -27 90 113 -52 -20 123 150 66 130 82 109 147 243 131 224 
-28 -31 -43 -35 27 100 16 125 35 88 9 74 133 204 127 198 
59 91 -1 25 125 144 68 125 -104 -37 -331 -194 2 52 -118 -55 
32 24 20 20 6 -1 17 20 -26 -30 -101 -98 -25 7 -76 -27 
20 8 40 30 -45 -90 2 -4 55 55 33 55 31 -36 97 109 
-64 -147 34 -37 -91 -73 -3 0 -22 -54 151 129 -65 30 116 109 
25 38 122 125 -16 6 13 0 236 268 258 270 143 30 182 61 
54 67 22 44 67 66 45 50 48 58 46 24 40 62 8 32 
4 5 59 60 32 42 49 30 54 52 44 48 41 -8 48 30 
17 -6 -30 -34 -61 -48 -47 -24 -103 -80 -12 -61 -21 8 -107 -103 
-21 -10 -37 -53 81 34 46 131 7 -1 -93 -101 39 43 -71 -50 
-19 -114 113 -229 -52 -146 -200 -100 -56 -207 37 85 -58 -13 38 -250 
-31 -182 12 -200 -195 -292 -436 -601 43 -327 -78 -122 -560 -679 -235 -241 
-240 -241 -106 -101 -238 -236 -104 -91 -64 -69 -52 -178 -66 -56 -434 -474 
-25 -24 47 93 -30 -98 96 98 26 82 -14 -7 73 37 -44 -76 
-184 -194 -105 -129 -132 -49 -78 3 -68 -58 -56 -10 -11 67 58 139 
-64 -58 -54 -52 -52 -53 -48 -57 -17 -16 20 21 -16 -6 24 35 
-27 22 -42 -14 28 84 25 182 7 22 63 86 101 249 97 87 
-10 -81 204 -29 -74 -67 -77 -75 -131 -103 -30 45 -101 -138 239 67 
28 112 44 58 122 80 105 51 40 50 -131 -132 52 27 -132 -136 
63 35 108 204 36 50 2 4 -69 43 -157 -119 -48 -55 -56 -63 
45 57 -36 -40 65 57 -36 -36 -48 -48 -107 -112 -52 -49 -113 -110 
-21 -4 6 23 11 28 40 58 3 22 27 40 43 72 57 84 
48 48 -18 -16 62 80 6 34 -39 -29 -114 -108 -10 -2 -82 -68 
7 8 40 40 8 8 40 40 -4 -4 -8 -8 -4 -4 -8 -8 
28 27 12 9 31 24 12 14 3 1 -8 -8 2 -1 -10 -9 
7 -1 116 344 -11 -30 20 -33 113 324 -16 -33 -5 -59 -68 -96 
25 31 -15 -9 48 49 5 8 -68 -58 -113 -107 -50 -40 -91 -72 
8 -8 10 -8 -11 -15 -23 -19 18 14 12 3 0 -4 0 4 
-8 -8 -16 -16 -8 -8 -16 -16 -4 -4 4 4 -4 -4 4 4 
-8 -8 -16 -16 -8 -19 -19 -20 -4 -4 4 4 8 12 20 44 
40 30 8 6 44 45 -11 -19 -16 -12 -36 -32 -20 -53 -34 -70 
24 18 -8 -16 30 28 -16 -16 -16 -48 -40 -82 -44 -36 -80 -73 
16 -4 -24 -39 -20 -33 -51 -65 10 -5 -24 -40 -21 -36 -54 -66 
0 0 -36 -36 0 0 -36 -36 -8 -8 -36 -36 -8 -8 -36 -36 
-16 -24 -36 -36 -30 -32 -36 -36 -16 -16 -36 -36 -16 -16 -36 -36 
-8 -19 -16 -24 -48 -59 -56 -64 28 20 8 2 -6 -13 -13 -16 
-12 -14 -8 -7 -8 -13 -4 -7 6 5 12 13 8 5 16 13 
-29 -40 -28 -36 -52 -62 -36 -37 -16 -24 -2 -8 -24 -16 -8 -2 
29 -14 32 -8 -31 -32 -25 -32 45 46 16 35 13 -36 17 -32 
-16 0 -20 -8 4 9 -4 0 -38 -28 -40 -32 -36 -24 -46 -36 
-17 -33 -37 -58 -26 -26 -46 -46 -38 -48 -52 -61 -32 -44 -51 -58 
20 16 1 -4 -4 -8 -24 -28 -12 -20 -32 -38 -40 -44 -56 -60 
-8 -8 -24 -24 -8 6 -24 -24 20 20 8 8 20 20 8 8 
79 158 -19 3 196 187 49 128 12 12 4 4 14 37 4 1 
-52 -72 -55 -145 -22 40 -146 -81 60 37 -16 -20 32 41 -16 -21 
13 -81 69 68 -215 -268 -15 -123 62 115 -36 -15 87 1 -19 -35 
-19 -9 -14 -16 -11 1 -9 -1 -18 -15 -18 -13 -10 1 -7 0 
-15 -49 -14 -45 -62 30 -42 42 -28 -70 -32 -97 -80 -25 -139 -139 
102 209 25 42 274 347 107 190 0 -7 -78 -86 26 145 -52 6 
8 -1 40 42 -21 41 79 152 133 112 41 102 155 263 194 374 
29 97 -37 43 39 7 -9 -44 -42 34 -111 -26 -29 -63 -47 -88 
-10 -40 0 -2 -57 -9 50 111 -20 -12 15 14 31 72 14 28 
-13 -4 -27 -11 18 51 24 48 -84 -57 -226 -182 -23 15 -107 -34 
-52 -33 -53 5 -21 14 -2 10 -66 0 -101 -32 -15 -12 -28 -16 
16 16 8 8 32 32 24 24 -21 -20 -32 -32 -20 -25 -32 -44 
16 16 8 8 16 16 8 8 -24 -32 -46 -57 -24 -20 -51 -42 
16 16 8 8 16 16 16 16 -16 -12 -24 -16 0 2 0 -1 
0 0 3 4 16 16 16 16 -4 -4 -30 -32 0 0 -36 -36 
0 -8 0 -6 -22 -24 -26 -31 -16 -18 -48 -48 -28 -47 -55 -67 
8 0 -4 -12 -17 -20 -30 -32 -34 -42 -56 -64 -59 -61 -80 -80 
-16 -18 -40 -40 -38 -40 -56 -56 -8 -8 -24 -32 -24 -25 -49 -53 
-24 -22 -40 -42 -10 -4 -56 -62 11 0 -21 -20 -46 -72 -43 -74 
23 -15 -60 -111 -42 -85 -170 -195 -70 -116 -84 -123 -128 -126 -133 -132 
8 -4 -46 -58 -27 -70 -100 -119 -34 -64 -42 -81 -74 -72 -112 -116 
-14 -4 28 48 4 7 83 90 65 108 95 118 144 148 100 92 
11 28 53 43 19 2 9 -29 34 23 -12 -12 -29 -76 -16 -56 
-35 -86 -44 -86 -128 -135 -126 -126 -31 -64 -16 -36 -88 -89 -54 -53 
1 0 56 74 10 14 56 58 59 35 43 -153 -43 -167 -363 -494 
0 -71 41 -29 -79 -124 -161 -258 -154 -329 -144 -177 -440 -555 -178 -291 
-34 -10 -23 -21 -49 -94 -113 -174 -264 -179 -37 -91 -129 -167 -140 -189 
11 -36 -79 -150 -36 -161 -158 -152 -82 -133 -66 -46 -133 -119 2 43 
-99 -165 -19 -105 -204 -191 -194 -259 6 -50 -59 -124 -101 -120 -188 -196 
-86 -97 -171 -175 -134 -78 -150 -77 -125 -113 -46 1 -64 0 69 123 
-63 -39 -44 -13 -65 -88 -9 -16 -26 -1 38 51 27 42 85 105 
8 14 -33 -48 24 20 -48 -48 -42 -52 32 32 -48 -48 32 32 
-12 -14 -16 -20 -30 -23 -36 -51 -16 -18 0 0 -20 -20 0 0 
63 134 3 56 154 163 72 80 -35 -25 4 4 -24 -16 4 10 
67 75 23 34 85 46 47 8 6 12 32 36 16 16 36 44 
24 80 -14 37 101 112 56 68 0 13 32 36 16 24 36 42 
106 112 68 76 116 136 76 76 32 40 44 52 40 44 52 60 
79 160 -19 42 281 398 121 245 33 50 48 52 106 210 60 84 
-77 -38 -138 -127 -4 -52 -54 -7 -131 -189 -73 -107 -220 -187 -139 -120 
-61 -30 102 141 17 84 170 191 43 149 39 54 205 195 76 64 
1 46 4 60 107 152 87 192 84 141 73 239 182 249 358 422 
36 27 96 103 36 61 103 148 38 167 -65 61 214 250 279 370 
-14 -16 28 57 4 12 49 45 21 -10 14 -19 -107 -62 -203 -315 
106 62 18 -28 52 59 -33 -30 -69 -75 -277 -162 -25 -31 -122 -61 
8 32 -44 -3 26 -6 -10 -17 -20 -7 -99 -150 -2 4 -203 -217 
68 -40 133 -50 -94 -145 -176 -206 132 -116 -132 -214 -198 -197 -191 -177 
-35 -26 -12 0 15 32 64 82 41 50 30 40 42 61 33 72 
-39 -81 95 25 -61 -108 84 206 53 64 72 -16 136 152 -47 -51 
23 67 79 26 44 -63 35 -288 -33 -168 3 -34 -434 -744 -276 -552 
17 55 -48 -107 -95 -101 -36 76 -269 -152 18 136 85 345 258 477 
46 42 -16 -20 24 14 -38 -44 9 -39 -73 -116 -73 -97 -125 -131 
24 0 -8 0 0 0 0 0 -29 -7 -62 -54 0 0 -48 -48 
11 16 -4 8 16 16 16 12 32 31 -16 -16 32 27 -16 -16 
19 31 -2 7 53 71 23 45 10 19 -12 -3 39 59 11 37 
77 216 32 31 464 152 32 53 44 54 20 2 52 52 -4 4 
-82 -74 -59 -45 -60 -40 -34 -22 -36 -24 -9 13 -14 6 27 42 
-42 -42 -18 -26 -55 -59 -46 -56 3 0 35 26 -25 -30 5 3 
33 10 -23 -23 20 24 8 16 -32 -32 -39 -36 -21 -4 -36 -36 
19 24 7 14 37 55 27 46 -5 8 -11 -4 24 32 6 15 
67 69 54 52 90 118 56 66 30 24 4 -4 22 32 -4 -4 
-22 -24 -25 -24 -24 -24 -24 -24 -15 -12 -13 -12 -12 -12 -12 -12 
-8 -7 -11 -4 -1 8 -2 8 -6 1 -3 6 8 12 12 18 
0 8 12 12 10 9 12 9 16 16 20 20 16 16 20 20 
-28 -27 -18 -16 -8 -2 2 8 5 7 24 28 29 39 41 44 
-22 -32 -6 -17 -27 -32 -3 -10 23 8 40 31 20 11 37 33 
-16 -16 -4 -4 -16 -16 -4 -4 4 4 16 16 4 2 16 16 
0 0 10 8 2 14 8 8 12 12 24 24 12 12 24 24 
16 16 8 8 16 2 8 3 12 12 20 20 12 12 20 20 
-27 -62 -11 -37 -66 -49 -43 -27 17 -5 38 26 -9 9 20 34 
-7 -19 -8 -18 -30 -38 -27 -39 3 -13 8 -5 -26 -35 -18 -27 
-32 -32 -32 -32 -32 -32 -32 -32 -40 -40 -40 -40 -40 -43 -40 -43 
0 0 -6 -8 0 0 -8 -8 -26 -28 -30 -36 -28 -28 -36 -36 
0 0 -8 -8 0 -5 -8 -13 -28 -28 -40 -40 -28 -28 -40 -40 
-12 -19 -23 -22 -14 -9 -20 -17 -21 -18 -26 -24 -13 -8 -21 -15 
-8 -8 -16 -16 -8 -8 -16 -16 -8 -8 -16 -16 -8 -8 -16 -16 
-6 0 -16 -16 -3 -22 -16 -23 -8 -8 -16 -16 -8 -15 -16 -22 
-43 -50 -38 -54 -64 -64 -66 -69 -38 -47 -33 -46 -66 -65 -62 -64 
-42 -44 -48 -48 -44 -45 -48 -48 -44 -44 -47 -48 -44 -44 -48 -48 
-26 -28 -32 -32 -28 -28 -32 -32 -28 -28 -32 -32 -28 -28 -32 -32 
4 4 0 0 4 3 0 0 0 0 0 0 0 0 0 0 
-12 -12 -16 -16 -12 -12 -16 -16 -16 -16 -8 -12 -16 -16 -16 -16 
-28 -32 -30 -32 -42 -44 -35 -36 -32 -38 -30 -35 -43 -44 -36 -38 
-28 -26 -20 -20 -16 -16 -20 -20 -28 -28 -23 -24 -28 -28 -27 -28 
-6 -3 -11 -5 3 10 -1 8 -12 -6 -9 -4 0 9 4 18 
32 32 24 24 41 52 24 32 24 24 28 28 24 32 28 36 
-27 -34 -40 -43 -24 1 -42 -22 -26 -30 -15 -20 -35 -41 -27 -39 
2 92 -84 46 143 244 84 142 -179 -57 -246 -191 58 70 -146 -142 
-65 -64 -113 -161 -115 -101 -150 -34 -48 -59 -27 81 -42 -20 116 60 
-44 1 -25 -20 17 42 -88 27 -96 -30 -87 9 -16 64 64 150 
-72 -14 -55 14 33 -15 41 -16 -75 -4 -145 -63 13 -42 -47 -96 
12 52 33 72 49 39 55 23 39 87 11 77 99 64 105 102 
11 14 -16 -10 13 -30 -1 14 -57 -43 -13 -23 -9 7 -26 -58 
-51 -52 59 63 -11 45 49 36 33 24 -46 -51 10 10 -36 -24 
0 0 -8 -6 16 16 14 16 -29 -27 -42 -36 -14 6 -36 -38 
-12 -14 0 0 -27 -28 -16 -16 -4 -6 -50 -56 -23 -28 -72 -77 
16 16 8 6 16 2 3 -27 -23 -56 -71 -80 -88 -131 -108 -158 
-33 -47 -62 -78 -48 -44 -80 -80 -96 -104 -122 -132 -111 -112 -138 -157 
9 -13 -16 -33 -41 -74 -59 -87 -32 -60 -48 -80 -91 -109 -106 -141 
-28 -36 -45 -48 -36 -53 -48 -46 -16 -16 -44 -44 -16 -17 -44 -36 
-38 -54 7 6 -78 -103 -12 -60 3 -20 43 66 -21 -7 113 131 
-41 -70 -59 -64 -74 -58 -50 -48 -3 8 33 76 12 12 88 88 
12 12 52 53 12 16 62 61 32 37 -4 -3 51 24 -9 -52 
62 34 61 20 35 31 -1 -17 -2 -45 -65 -90 -67 -68 -103 -104 
26 -10 3 -26 -23 -6 -13 -9 -10 -88 -35 -138 -109 -125 -213 -235 
6 -15 50 63 -28 -19 82 82 14 73 -46 29 122 93 64 18 
37 43 35 78 -2 -11 -32 -50 -6 49 -201 -143 -32 6 -128 -26 
23 -71 31 59 -148 -216 57 -17 155 200 154 182 159 70 79 -46 
63 -5 230 57 -15 -64 -12 -93 328 160 190 105 39 -79 79 -6 
73 40 35 17 35 16 30 16 39 0 124 74 36 12 70 7 
48 40 44 36 26 6 23 3 26 19 12 0 11 -4 -27 -41 
15 18 -4 2 12 33 -9 12 0 8 -19 -4 4 14 -14 -3 
36 36 8 8 36 36 8 8 -12 -12 -28 -28 -12 -12 -28 -28 
36 36 8 8 36 36 8 8 -12 -12 -28 -28 -12 -12 -28 -28 
24 24 4 4 24 36 4 12 -12 -12 -32 -32 -12 -4 -32 -24 
12 24 -14 -6 24 28 1 12 -32 -27 -50 -44 -24 -14 -44 -30 
14 16 2 8 16 28 8 16 -18 -12 -29 -20 -12 -12 -19 -16 
22 32 -2 9 34 40 12 22 -26 -20 -44 -35 -18 -10 -32 -30 
8 12 -19 -11 24 24 -7 0 -43 -37 -61 -58 -28 -26 -50 -44 
-33 -13 -56 -52 41 128 -29 -8 -71 -64 -90 -72 -59 -56 -64 -64 
26 124 -6 83 118 104 146 158 16 48 0 6 80 92 26 42 
-26 17 36 82 95 250 62 73 64 147 76 110 155 140 123 136 
-69 60 -216 -45 132 123 131 121 -274 -275 -121 -176 -137 108 -186 -125 
181 123 93 67 -113 -306 -186 -561 -17 112 -417 -115 59 -221 24 45 
156 290 153 161 328 338 160 258 -84 -58 -146 -324 -49 -125 -363 -382 
-73 -217 -38 -197 -423 -482 -274 -172 -158 -175 -111 -232 -134 8 -240 -65 
-203 -70 -214 -77 -104 -27 -75 -6 -84 15 -47 113 -2 30 29 46 
-7 11 -6 5 44 118 28 156 14 10 26 31 -7 61 41 42 
90 -24 156 38 -114 -224 -108 -226 130 -57 41 -164 -212 -281 -320 -383 
-70 89 -28 114 67 -21 158 146 -12 50 -57 41 123 190 138 206 
-63 -77 33 42 -118 -178 -11 -94 22 47 141 46 -21 -108 40 -27 
-31 -14 20 -26 -19 -20 -21 -22 -10 -59 -89 -108 -34 -36 -76 -79 
-2 0 -3 0 0 0 0 0 4 4 -48 -47 4 4 -44 -36 
0 0 -8 -6 0 0 0 0 4 5 -9 -4 12 30 0 2 
0 6 0 0 8 16 0 8 32 32 8 8 32 32 8 16 
-6 -5 -2 3 -8 -9 0 -1 -3 -1 -3 3 -4 -1 0 -1 
18 24 4 10 26 40 16 26 -7 0 -24 -23 1 10 -20 -6 
44 40 37 32 16 8 8 0 16 12 6 0 -12 -21 -24 -44 
14 20 -16 -20 20 22 -20 -16 -46 -52 -74 -79 -52 -48 -76 -76 
-11 -6 -21 -21 -7 -9 -24 -21 -28 -28 -23 -24 -28 -24 -28 -15 
-6 -8 -3 0 -8 -6 0 4 -1 8 16 28 8 14 28 28 
11 12 -3 0 12 18 0 6 -19 -16 -32 -32 -16 -16 -32 -32 
9 16 -14 -7 18 28 -2 6 -27 -20 -51 -44 -18 -10 -35 -30 
24 24 4 4 24 24 4 4 -8 -8 -28 -28 -8 -8 -28 -28 
40 41 20 20 46 54 20 22 8 8 -12 -12 8 12 -12 -12 
39 40 23 24 40 40 24 24 -1 0 -12 -12 0 0 -12 -12 
24 24 8 8 24 24 8 8 -16 -16 -28 -28 -16 -14 -28 -28 
8 8 0 0 8 8 0 -2 -5 -4 -16 -16 -4 -10 -16 -22 
-4 -4 -20 -24 -4 -4 -24 -24 -40 -48 -52 -60 -48 -48 -60 -60 
26 24 8 8 24 24 8 8 -16 -16 -28 -28 -16 -16 -28 -28 
16 -1 2 -11 -17 -25 -26 -39 -20 -33 -32 -47 -49 -63 -61 -74 
4 4 -12 -12 4 -2 -12 -12 -36 -36 -44 -44 -36 -36 -44 -44 
12 8 6 4 8 6 -6 -8 -18 -20 -28 -34 -24 -30 -39 -43 
-8 -8 -12 -12 -8 -8 -12 -12 -36 -36 -44 -44 -36 -36 -44 -44 
8 8 4 4 8 8 4 4 -20 -20 -28 -28 -20 -20 -28 -28 
-4 -4 -12 -12 -4 -4 -12 -12 -36 -36 -46 -48 -36 -36 -48 -48 
28 28 20 20 28 28 20 20 -4 -4 -12 -12 -4 -4 -12 -12 
-4 -12 -14 -19 -18 -26 -31 -36 -24 -30 -32 -35 -37 -44 -44 -46 
-4 -4 -8 -8 -4 -5 -8 -10 -20 -20 -24 -24 -20 -20 -24 -24 
-8 -21 -18 -28 -20 -20 -24 -24 -26 -28 -30 -32 -24 -35 -28 -34 
4 4 -4 -4 4 6 -4 2 -4 -4 9 12 -4 4 12 12 
22 16 21 16 -10 -16 -10 -16 24 20 28 20 -6 -12 -3 -8 
-16 -16 -16 -16 -16 -16 -16 -16 -12 -12 -8 -8 -12 -12 -8 -8 
-12 -16 -12 -12 -12 -12 -8 -11 -10 -12 -4 -8 -8 -8 -8 -8 
8 -11 -11 -25 -16 -16 -17 -16 -16 -32 -20 -32 -32 -32 -36 -36 
16 16 8 8 16 16 8 4 -12 -12 -16 -16 -12 -12 -16 -16 
20 20 -12 -16 20 20 -16 -16 -30 -32 -32 -32 -32 -32 -36 -36 
20 22 -16 -16 26 28 -16 -15 -32 -32 -38 -40 -32 -30 -40 -45 
84 255 8 79 442 484 201 269 -35 -23 -83 -90 34 153 -52 47 
33 46 -16 48 -14 -65 29 -18 63 129 133 170 90 -6 121 56 
38 102 -75 -94 89 152 -162 -22 -265 -118 -191 5 1 133 63 224 
-113 14 -226 -218 58 45 -123 -64 -192 -192 -55 8 -148 -67 23 -34 
-34 -18 -61 4 -3 4 37 36 13 -5 -57 -79 3 8 -60 -52 
-14 -15 20 18 2 19 22 16 -16 -16 8 10 -27 -25 34 40 
18 20 -16 -17 24 20 8 16 -19 6 54 64 14 -8 36 22 
5 0 3 -4 0 -15 -23 -35 -17 -45 0 -36 -76 -78 -42 -28 
0 -11 5 -11 -22 -71 -9 -32 2 0 -3 1 -2 -142 -7 -36 
-11 -40 -1 -63 -50 -82 -76 -202 -122 -210 -91 -123 -247 -234 -188 -158 
14 8 -116 -36 -4 -38 15 -10 -136 -84 -18 -140 40 34 -73 -61 
0 0 -8 0 0 8 1 14 -16 15 28 70 28 58 83 114 
20 64 -20 32 104 108 72 80 -38 28 32 81 82 123 114 116 
-36 6 -31 -15 32 32 10 26 52 50 28 18 42 31 -8 -38 
-88 -84 -170 -168 -94 -157 -169 -227 -269 -262 -328 -270 -270 -312 -315 -439 
-78 -88 -145 -175 -102 -130 -280 -386 -139 -293 -247 -373 -414 -481 -421 -435 
-153 -229 -224 -173 -143 -77 -79 -22 -96 46 -34 -53 11 -67 -134 -147 
49 134 114 111 66 -97 45 -111 33 -10 3 -65 -57 -200 -124 -197 
-25 -158 -8 -52 -205 -94 20 66 -31 -19 -32 -38 63 13 -28 -80 
40 81 91 20 56 -8 -13 -16 -35 -107 -46 -4 -67 3 54 113 
-57 -99 -50 -88 -127 -159 -111 -153 -8 -43 -46 -80 -69 -105 -102 -105 
-12 -31 -102 -79 -58 -72 -50 -21 -48 4 88 146 48 103 182 233 
6 -6 -44 -48 -15 -18 -48 -48 2 0 -8 -16 0 0 -16 -16 
-20 -20 -44 -44 -38 -59 -47 -48 0 0 -18 -20 0 0 -16 -16 
-2 0 -16 -16 -8 -8 -24 -24 -32 -32 -52 -52 -40 -40 -56 -56 
24 24 8 8 24 30 8 14 -8 -8 -24 -24 -8 -8 -24 -24 
4 8 -22 -18 24 24 -2 10 -53 -49 -76 -72 -33 -20 -56 -44 
-14 -19 8 8 -16 -5 -3 -3 8 6 -17 -15 1 4 11 19 
-12 -9 -7 -1 0 2 6 9 5 8 19 22 17 23 28 32 
10 18 -7 1 24 32 5 16 -23 -15 -35 -31 -11 -4 -26 -18 
16 16 -4 0 16 21 5 8 -36 -30 -60 -52 -9 0 -25 -16 
6 8 -12 -12 24 24 4 4 -40 -37 -60 -56 -21 -12 -40 -28 
8 8 -12 -12 8 16 -12 -7 -12 -12 -28 -28 -12 -8 -28 -26 
0 0 0 0 0 0 0 0 0 0 0 0 0 0 0 0 
0 0 0 0 0 0 0 0 0 0 0 0 0 0 0 0 
0 0 0 0 0 0 0 0 0 0 0 0 0 0 0 0 
0 0 0 0 0 0 0 0 0 0 0 0 0 0 0 0 
0 0 0 0 0 0 0 0 0 0 0 0 0 0 0 0 
0 0 0 0 0 0 0 0 0 0 0 0 0 0 0 0 
0 0 0 0 0 0 0 0 0 0 0 0 0 0 0 0 
0 0 0 0 0 0 0 0 0 0 0 0 0 0 0 0 
0 0 0 0 0 0 0 0 0 0 0 0 0 0 0 0 
0 0 0 0 0 0 0 0 0 0 0 0 0 0 0 0 
0 0 0 0 0 0 0 0 0 0 0 0 0 0 0 0 
0 0 0 0 0 0 0 0 0 0 0 0 0 0 0 0 
0 0 0 0 0 0 0 0 0 0 0 0 0 0 0 0 
0 0 0 0 0 0 0 0 0 0 0 0 0 0 0 0 
0 0 0 0 0 0 0 0 0 0 0 0 0 0 0 0 
0 0 0 0 0 0 0 0 0 0 0 0 0 0 0 0 
0 0 0 0 0 0 0 0 0 0 0 0 0 0 0 0 
0 0 0 0 0 0 0 0 0 0 0 0 0 0 0 0 
0 0 0 0 0 0 0 0 0 0 0 0 0 0 0 0 
0 0 0 0 0 0 0 0 0 0 0 0 0 0 0 0 
0 0 0 0 0 0 0 0 0 0 0 0 0 0 0 0 
0 0 0 0 0 0 0 0 0 0 0 0 0 0 0 0 
0 0 0 0 0 0 0 0 0 0 0 0 0 0 0 0 
0 0 0 0 0 0 0 0 0 0 0 0 0 0 0 0 
0 0 0 0 0 0 0 0 0 0 0 0 0 0 0 0 
0 0 0 0 0 0 0 0 0 0 0 0 0 0 0 0 
0 0 0 0 0 0 0 0 0 0 0 0 0 0 0 0 
0 0 0 0 0 0 0 0 0 0 0 0 0 0 0 0 
0 0 0 0 0 0 0 0 0 0 0 0 0 0 0 0 
0 0 0 0 0 0 0 0 0 0 0 0 0 0 0 0 
0 0 0 0 0 0 0 0 0 0 0 0 0 0 0 0 
0 0 0 0 0 0 0 0 0 0 0 0 0 0 0 0 
0 0 0 0 0 0 0 0 0 0 0 0 0 0 0 0 
0 0 0 0 0 0 0 0 0 0 0 0 0 0 0 0 
0 0 0 0 0 0 0 0 0 0 0 0 0 0 0 0 
0 0 0 0 0 0 0 0 0 0 0 0 0 0 0 0 
0 0 0 0 0 0 0 0 0 0 0 0 0 0 0 0 
0 0 0 0 0 0 0 0 0 0 0 0 0 0 0 0 
0 0 0 0 0 0 0 0 0 0 0 0 0 0 0 0 
0 0 0 0 0 0 0 0 0 0 0 0 0 0 0 0 
0 0 0 0 0 0 0 0 0 0 0 0 0 0 0 0 
0 0 0 0 0 0 0 0 0 0 0 0 0 0 0 0 
0 0 0 0 0 0 0 0 0 0 0 0 0 0 0 0 
0 0 0 0 0 0 0 0 0 0 0 0 0 0 0 0 
0 0 0 0 0 0 0 0 0 0 0 0 0 0 0 0 
0 0 0 0 0 0 0 0 0 0 0 0 0 0 0 0 
0 0 0 0 0 0 0 0 0 0 0 0 0 0 0 0 
0 0 0 0 0 0 0 0 0 0 0 0 0 0 0 0 
0 0 0 0 0 0 0 0 0 0 0 0 0 0 0 0 
0 0 0 0 0 0 0 0 0 0 0 0 0 0 0 0 
0 0 0 0 0 0 0 0 0 0 0 0 0 0 0 0 
0 0 0 0 0 0 0 0 0 0 0 0 0 0 0 0 
0 0 0 0 0 0 0 0 0 0 0 0 0 0 0 0 
0 0 0 0 0 0 0 0 0 0 0 0 0 0 0 0 
0 0 0 0 0 0 0 0 0 0 0 0 0 0 0 0 
0 0 0 0 0 0 0 0 0 0 0 0 0 0 0 0 
0 0 0 0 0 0 0 0 0 0 0 0 0 0 0 0 
0 0 0 0 0 0 0 0 0 0 0 0 0 0 0 0 
0 0 0 0 0 0 0 0 0 0 0 0 0 0 0 0 
0 0 0 0 0 0 0 0 0 0 0 0 0 0 0 0 
0 0 0 0 0 0 0 0 0 0 0 0 0 0 0 0 
0 0 0 0 0 0 0 0 0 0 0 0 0 0 0 0 
0 0 0 0 0 0 0 0 0 0 0 0 0 0 0 0 
0 0 0 0 0 0 0 0 0 0 0 0 0 0 0 0 
0 0 0 0 0 0 0 0 0 0 0 0 0 0 0 0 
0 0 0 0 0 0 0 0 0 0 0 0 0 0 0 0 
0 0 0 0 0 0 0 0 0 0 0 0 0 0 0 0 
0 0 0 0 0 0 0 0 0 0 0 0 0 0 0 0 
0 0 0 0 0 0 0 0 0 0 0 0 0 0 0 0 
0 0 0 0 0 0 0 0 0 0 0 0 0 0 0 0 
0 0 0 0 0 0 0 0 0 0 0 0 0 0 0 0 
0 0 0 0 0 0 0 0 0 0 0 0 0 0 0 0 
0 0 0 0 0 0 0 0 0 0 0 0 0 0 0 0 
0 0 0 0 0 0 0 0 0 0 0 0 0 0 0 0 
0 0 0 0 0 0 0 0 0 0 0 0 0 0 0 0 
0 0 0 0 0 0 0 0 0 0 0 0 0 0 0 0 
0 0 0 0 0 0 0 0 0 0 0 0 0 0 0 0 
0 0 0 0 0 0 0 0 0 0 0 0 0 0 0 0 
0 0 0 0 0 0 0 0 0 0 0 0 0 0 0 0 
0 0 0 0 0 0 0 0 0 0 0 0 0 0 0 0 
3 -4 -26 -32 -3 25 -19 1 -38 -47 -48 -54 -36 -9 -49 -21 
4 46 -46 8 81 150 73 112 -55 -16 -62 -18 65 112 58 110 
-74 58 -159 -228 64 -25 -205 -271 -196 -383 -192 -426 -402 -518 -583 -652 
271 79 124 133 -4 -9 87 101 -164 10 -295 -164 -14 -42 -231 -441 
20 -94 186 113 -120 41 75 246 256 287 -106 49 288 297 135 151 
-170 15 -148 36 64 76 103 120 -281 -80 -322 -76 34 106 10 23 
71 82 131 120 77 -15 23 -166 168 151 41 140 -19 -330 133 -135 
-140 -216 -349 -456 -62 -82 -300 -352 -523 -544 -371 -495 -422 -429 -371 -329 
39 -14 -163 -119 16 122 -37 68 -140 -101 35 40 -16 79 53 133 
119 44 0 -2 -12 -87 -26 -48 -20 -24 -25 -32 -21 -20 -32 -32 
16 6 2 -11 0 -10 -14 -27 6 -4 -8 -14 -13 -12 -26 -22 
-8 -4 -16 -12 14 23 0 8 4 8 -4 0 8 8 0 0 
-8 -4 -16 -16 -4 -2 -14 -4 -20 -16 -20 -16 4 20 4 20 
-17 -16 -20 -16 0 0 0 0 -21 -16 -39 -36 -16 -16 -36 -36 
8 8 0 0 8 8 0 0 -16 -16 -32 -32 -16 -16 -32 -32 
24 24 16 16 24 33 16 24 0 0 -16 -16 0 0 -16 -16 
3 20 -26 -14 10 13 -21 -10 -54 -43 -73 -63 -45 -34 -63 -51 
-10 -11 -32 -28 -4 8 -12 0 -32 -32 -48 -48 -16 -16 -36 -36 
-4 -4 -16 -16 12 25 3 24 -32 -26 -48 -39 6 16 -2 12 
20 24 6 8 24 24 8 10 3 4 -5 -4 4 8 0 0 
-8 -8 -25 -22 -6 0 -16 -16 -39 -32 -48 -48 -32 -30 -47 -29 
-40 -32 -48 -32 -16 -8 -16 -22 -16 3 14 73 20 16 161 163 
0 0 -3 0 0 0 0 0 0 0 4 -1 1 10 -55 -112 
-28 -23 -32 -32 -16 -16 -22 -24 -32 -29 -20 -24 -41 -44 -44 -52 
16 16 8 8 16 16 8 8 -12 -12 -20 -20 -12 -12 -20 -20 
16 16 8 8 16 16 8 8 -12 -12 -20 -20 -12 -13 -24 -24 
8 8 -4 -8 8 4 -8 -8 -26 -28 -32 -32 -28 -29 -32 -32 
-16 -16 -20 -24 -16 -16 -24 -24 -42 -44 -40 -48 -44 -45 -48 -53 
0 0 -4 -8 0 0 -8 -8 -26 -28 -32 -34 -28 -28 -39 -40 
4 -14 -12 -25 -26 -38 -40 -54 -22 -40 -38 -49 -51 -63 -71 -76 
-8 -8 -28 -28 -8 -10 -28 -28 -32 -32 -48 -46 -32 -32 -40 -40 
4 0 0 0 0 0 0 0 0 0 0 0 0 0 0 0 
-16 -16 -16 -16 -16 -16 -16 -16 -16 -16 -16 -16 -16 -16 -19 -20 
-32 -32 -32 -32 -32 -36 -32 -40 -32 -32 -34 -36 -32 -40 -36 -39 
-20 -24 -40 -48 -24 -24 -48 -48 -40 -48 -25 -32 -48 -48 -32 -32 
16 16 -8 -8 16 16 -8 -8 -28 -28 -16 -16 -28 -28 -16 -16 
-8 -4 -16 -8 -8 4 -12 0 -32 -24 -32 -25 -28 -16 -28 -16 
16 16 8 8 16 11 8 6 -12 -12 -16 -18 -12 -12 -23 -24 
7 0 2 0 0 0 0 0 0 0 -8 -8 0 -4 -8 -11 
0 0 -4 -8 0 8 -8 0 -22 -28 -29 -36 -28 -22 -36 -30 
28 24 20 16 -8 -16 -16 -24 -1 -4 -11 -14 -36 -44 -40 -48 
-16 -16 -24 -24 -16 -16 -24 -24 -44 -44 -48 -48 -44 -44 -48 -48 
0 0 0 0 0 0 0 0 0 0 -4 -4 0 -4 -4 -7 
-8 -16 -16 -16 -24 -24 -32 -32 -24 -32 -24 -32 -48 -48 -48 -48 
0 0 -8 -8 0 0 -8 -8 -28 -28 -34 -36 -28 -36 -40 -46 
-16 -16 -24 -24 -24 -26 -32 -32 -60 -68 -72 -80 -68 -69 -80 -80 
-38 -40 -48 -48 -40 -42 -48 -48 -20 -20 -32 -32 -20 -20 -32 -32 
-38 -48 -38 -44 -19 62 -39 17 10 8 0 0 8 22 -4 -2 
47 135 -14 4 114 125 18 117 -5 22 -64 79 76 204 223 271 
61 132 -31 12 109 107 72 28 -74 -177 -62 -193 -160 -164 -217 -133 
-21 9 -3 55 -58 -180 -42 -56 6 -17 -3 47 -83 -48 51 97 
-11 44 -164 -77 58 60 38 48 -26 -17 -18 -11 3 23 -53 -51 
32 33 16 5 54 91 -3 17 18 -14 -32 -23 -29 12 -25 -60 
53 26 7 4 34 34 32 52 10 12 -136 -134 -2 -51 -107 -86 
41 26 71 66 3 17 40 -9 -50 -11 -48 22 18 -22 21 -28 
36 49 -3 10 25 -42 -19 -75 -38 -50 -74 -104 -76 -65 -45 -20 
-125 -98 -173 -107 50 -48 16 12 -142 -68 -104 -56 -1 -10 5 4 
23 -51 -14 1 -40 8 1 27 -24 -19 -16 -14 -2 0 -3 -1 
-9 4 3 0 15 30 8 6 -16 -12 -16 -12 -15 -49 -22 -63 
46 47 -8 -8 17 -33 -17 -53 -66 -68 -81 -90 -83 -101 -118 -189 
-13 -11 -42 -51 2 8 -27 -6 -28 -83 -145 -164 -103 -71 -148 -176 
-80 -68 -176 -172 -168 -298 -267 -455 -261 -336 -364 -558 -598 -801 -757 -870 
-86 -89 -130 -104 -32 4 34 52 -60 65 75 128 93 94 32 10 
29 -25 35 46 -1 34 121 185 74 14 -71 -75 96 283 45 233 
28 -42 45 -23 -101 -177 -102 -142 -45 -118 -238 -181 -143 -74 -68 38 
-10 19 -45 -8 0 -10 -11 -6 -53 -16 -48 0 21 99 88 158 
21 5 108 44 7 -63 -42 -38 -3 -10 73 59 -25 1 28 -10 
-91 -79 11 41 -38 38 15 -34 76 66 -88 -175 -62 34 -153 -199 
-92 -104 -12 -24 -125 -122 -24 -43 232 77 96 -66 -4 -36 -99 -29 
-3 -15 26 -8 -16 -20 -13 -22 52 -12 91 -40 -27 -53 -75 -78 
-4 -8 -10 -16 -8 -8 -16 -16 -36 -36 -44 -45 -32 -32 -34 -36 
24 24 16 16 24 24 16 16 16 16 12 12 16 16 12 12 
-12 -12 -16 -16 -12 -12 -16 -16 -16 -16 -16 -16 -16 -16 -16 -16 
0 0 0 0 16 16 16 16 0 0 0 0 16 16 16 16 
0 5 0 4 31 48 20 32 0 0 0 0 2 4 0 0 
22 30 -2 5 24 30 -2 7 -30 -24 -47 -48 -34 -18 -51 -40 
-8 -6 -28 -25 10 16 -9 0 -41 -30 -66 -55 -14 -4 -37 -32 
0 0 -7 -13 2 8 -16 -13 -9 -8 -29 -28 -10 -15 -28 -25 
22 34 4 17 42 52 23 38 -3 9 -10 1 15 34 7 27 
0 0 0 0 0 9 0 8 -3 0 -11 -8 0 0 -7 -4 
-8 0 -16 -8 8 12 -2 0 -42 -39 -48 -48 -21 4 -47 -22 
45 116 3 14 179 247 49 126 16 14 -24 -30 14 69 -25 16 
46 54 -35 33 68 145 30 6 -84 -25 -140 -48 -6 -22 16 44 
-8 119 -160 20 253 144 180 195 -160 -43 -23 -26 118 217 44 147 
-129 -115 64 84 -16 90 120 148 -83 -68 -97 -97 8 19 57 248 
-107 94 -10 196 209 205 51 30 -255 -203 -15 -45 -155 -149 -17 -111 
62 171 -16 3 203 138 -14 29 5 -70 -119 -320 -156 -84 -424 -352 
395 98 307 88 -243 -248 -200 -376 115 214 -60 72 76 -261 -125 -333 
147 168 -78 6 12 -6 5 -4 -37 -52 35 3 -39 -9 11 71 
15 12 0 0 16 16 0 0 -10 0 13 -20 0 0 -24 -24 
-8 -14 4 -4 -22 -24 -8 -13 0 -8 -14 -16 -14 -16 -26 -31 
-8 -8 -3 2 -8 -4 8 8 0 0 -16 -15 0 2 -12 -12 
-14 -4 -13 -8 10 17 2 18 -16 -7 -20 -12 0 13 -6 4 
1 4 -16 -16 4 6 -16 -16 -32 -32 -52 -52 -32 -32 -52 -52 
-2 0 -16 -16 0 0 -16 -8 -32 -32 -48 -48 -32 -32 -48 -42 
0 0 -10 -6 16 16 12 16 -29 -25 -36 -28 -6 0 -8 0 
0 0 0 0 0 0 0 0 -16 -16 -20 -20 -16 -16 -20 -20 
16 16 16 16 24 24 16 16 0 0 0 0 0 0 0 0 
-16 -12 -16 -16 -9 -4 -16 -8 -32 -32 -32 -32 -32 -24 -32 -24 
17 24 2 10 32 32 28 32 -17 -9 -20 -12 10 24 8 23 
-32 -32 -32 -36 -47 -4 -17 84 -42 -24 7 62 11 168 120 227 
129 173 138 157 113 17 31 -77 67 76 -66 -116 -27 -179 -200 -345 
35 5 13 -54 -54 -118 -75 -127 -30 -70 -102 -143 -106 -212 -213 -275 
-27 -36 -10 -25 -50 -57 -38 -44 -16 -16 -8 1 -6 -1 13 16 
-56 -56 -40 -40 -56 -54 -40 -32 0 0 16 16 0 2 16 16 
7 8 -7 5 4 4 28 40 -27 0 -67 -38 16 17 -44 -55 
-16 -16 51 42 -12 -8 8 4 20 14 -72 -70 -15 -17 -71 -72 
-9 -28 -57 -8 -28 -46 59 107 15 75 10 42 165 278 124 268 
-52 -51 56 42 -44 -40 13 9 142 92 56 5 46 96 36 109 
-14 -16 70 39 -44 -22 -18 -34 112 -36 161 -5 -127 -124 -131 -126 
-20 -16 70 68 -31 -61 35 -17 64 26 148 -12 -50 -67 -88 -84 
3 4 33 36 -15 -18 10 -13 33 39 30 180 40 77 268 247 
-16 -24 -12 -17 -38 -42 -35 -45 85 49 213 110 -4 -36 -8 -76 
-24 -24 -37 -48 -28 -38 -48 -48 -40 -48 -60 -68 -56 -60 -64 -70 
-20 -24 -32 -32 -24 -24 -32 -32 -44 -44 -48 -48 -44 -44 -48 -48 
-8 -8 -16 -16 -8 -8 -16 -16 -28 -28 -34 -36 -28 -28 -36 -36 
12 4 2 -11 -12 -22 -24 -31 -6 -20 -14 -31 -31 -44 -43 -54 
8 0 0 -8 -17 -20 -28 -32 -16 -24 -28 -36 -44 -48 -56 -60 
12 12 0 0 12 9 0 0 -16 -16 -30 -32 -16 -16 -32 -32 
-2 -8 -16 -16 -8 -6 -16 -16 -32 -32 -44 -44 -32 -36 -44 -47 
-1 -2 -24 -18 -6 -8 -16 -20 -53 -23 -63 -36 -4 -34 -18 -38 
8 8 -9 -12 8 8 -12 -12 -25 -28 -40 -44 -28 -28 -44 -44 
12 12 -12 -12 12 11 -12 -12 -28 -28 -48 -48 -28 -28 -48 -48 
0 -8 -26 -30 -20 -29 -43 -49 -44 -53 -62 -74 -60 -69 -78 -90 
-16 -24 -40 -48 -36 -36 -64 -64 -40 -48 -60 -70 -68 -72 -88 -93 
-6 -8 -32 -32 -8 -10 -32 -32 -36 -36 -56 -56 -36 -38 -56 -57 
4 -8 -16 -16 -8 -8 -24 -24 -28 -32 -44 -47 -32 -38 -48 -48 
32 32 16 16 20 21 0 13 7 8 -16 -16 -8 -7 -32 -32 
-89 240 -35 137 347 400 148 211 -187 -156 -245 -246 -193 -114 -252 -197 
-25 -13 35 -18 136 95 15 2 -85 -26 336 306 -39 -3 70 21 
96 17 -7 -97 15 9 57 150 18 85 117 183 8 142 91 194 
-2 38 -9 41 29 31 36 -20 -73 -44 93 -79 59 44 -28 -54 
19 31 -85 12 -32 28 -89 -16 -79 14 -134 -40 -85 -16 23 59 
85 14 24 -2 31 51 24 93 24 -51 -48 35 82 141 109 92 
-80 -28 -17 -97 -59 -64 -94 -118 13 -36 -35 -56 -84 -76 -73 -64 
8 -27 -81 -26 -8 -1 -16 -16 -22 -38 -26 -53 -46 -44 -68 -74 
12 -5 6 8 24 24 8 0 -24 -23 -48 -45 -19 -20 -17 -8 
4 -4 -32 -40 -11 -25 -43 -38 -40 -44 -16 -22 -15 8 -22 -50 
20 38 -13 -17 20 -30 -31 -92 14 -36 -52 -114 -56 -135 -159 -219 
-54 -62 -105 -133 -49 -68 -103 -86 -94 -148 -159 -203 -133 -117 -187 -173 
-10 -83 -52 -129 -89 -75 -103 -65 -36 -19 2 40 -18 -28 64 50 
-9 -171 -239 -358 -260 -271 -372 -378 -419 -522 -733 -794 -598 -721 -827 -838 
-93 -307 -277 -374 -467 -494 -370 -239 -27 -42 22 27 -3 266 49 77 
4 -67 65 -10 -29 45 39 104 23 -59 -129 -135 -32 32 -82 -20 
25 51 70 43 48 -23 12 11 51 35 42 42 22 0 -50 -157 
3 55 49 96 76 112 100 84 -38 -19 14 17 -28 -168 -92 -245 
86 14 193 90 -131 -223 22 -69 50 -79 124 239 -181 -200 325 449 
56 -109 -36 -231 -143 -163 -245 -246 -238 -118 163 203 -2 84 194 136 
-115 -161 -107 -141 -92 48 -77 85 286 259 289 209 37 -83 -40 -225 
57 1 51 -17 -71 -202 -42 -27 -81 -144 -18 -30 -134 -133 -20 -6 
6 -34 215 7 -29 -24 -37 -32 23 -18 -10 0 -21 -16 -16 -16 
-8 -8 -16 -16 -8 -8 -16 -16 -32 -32 -32 -27 -32 -24 -31 -24 
0 0 0 0 16 16 16 21 -4 9 -3 21 20 59 52 107 
0 0 6 9 0 0 6 0 48 60 83 89 45 13 80 45 
-16 -16 -16 -16 -16 -16 -16 -16 -17 -16 -6 -8 -16 -16 -6 -8 
0 0 0 0 0 4 0 0 -11 0 -16 -10 0 0 0 0 
10 20 0 8 48 61 32 42 0 0 -1 -4 6 16 -4 0 
16 19 -9 -4 19 24 16 9 -20 -25 -30 -29 -8 -4 -23 -24 
-8 -4 -12 -12 9 14 4 6 -15 -12 -13 0 -12 -8 0 0 
-1 3 -13 -17 -3 -6 -15 -16 -23 -22 -25 -20 -19 -26 -29 -28 
8 8 -7 -4 24 30 13 20 -18 -12 -16 -14 4 11 4 14 
2 0 0 0 14 27 8 8 -18 -16 -21 -16 -12 -12 -16 -16 
55 112 16 21 224 305 62 160 0 1 0 0 6 73 0 66 
-18 16 -67 31 13 123 -18 15 -161 28 -230 7 3 14 2 14 
32 75 -142 -53 61 224 92 315 -97 -86 -100 -11 -23 207 -16 140 
157 224 -44 183 139 -63 275 -116 -76 74 -98 -13 66 -75 -157 -48 
54 -49 -105 -67 -82 -114 -62 -223 -125 -140 -152 -171 -185 -294 -128 -132 
58 76 -65 -111 32 -19 -147 -126 -94 -185 -108 -305 -211 -188 -374 -373 
49 36 -6 -12 -4 29 -36 2 10 20 -44 -29 7 49 -16 70 
115 6 148 45 -38 -40 -42 -48 63 17 -9 -46 -37 -48 -47 -48 
-32 -32 -40 -40 -32 -32 -40 -40 4 4 0 0 4 4 0 0 
-16 -16 -16 -16 -16 -16 -16 -16 -32 -32 -32 -32 -32 -24 -32 -24 
0 0 0 0 5 8 0 0 -4 0 -7 -4 0 0 0 0 
24 24 16 16 24 28 16 24 0 0 0 0 0 0 0 0 
-2 0 2 -4 0 10 -8 0 -13 -12 -16 -16 -16 -18 -16 -10 
-2 4 -10 -4 24 32 16 24 -32 -24 -36 -28 -4 4 -8 0 
40 40 24 24 40 44 24 32 4 4 0 0 4 10 0 8 
15 16 6 8 32 32 24 28 0 4 -4 0 12 11 0 0 
0 0 -9 -2 0 0 0 0 -40 -15 -48 -16 0 0 0 0 
0 8 0 9 27 67 82 119 -14 -3 -18 -26 49 60 -47 -48 
46 116 36 45 181 198 45 35 -37 -46 -16 -16 -73 -83 -12 -12 
-18 -32 -38 -43 -87 -172 -71 -98 -36 -40 64 64 -31 -28 64 64 
9 -1 -4 -3 -25 -50 -15 -20 28 26 4 4 21 16 4 4 
0 4 -20 -15 10 10 -6 -6 -40 -32 -58 -48 -23 -25 -42 -42 
32 32 16 16 32 32 16 16 0 0 -16 -16 0 0 -16 -16 
39 42 16 16 41 40 16 20 0 0 -16 -16 0 -3 -16 -19 
56 56 27 28 56 58 28 33 -14 -20 -38 -44 -20 -20 -44 -44 
49 78 23 62 100 132 131 178 16 21 0 0 59 100 0 28 
15 43 13 -58 10 45 -99 -100 85 80 22 18 65 59 11 8 
28 -45 28 12 -39 32 -7 -7 9 -20 -7 -16 -20 -13 0 0 
-18 -112 -19 -15 -164 -140 -17 70 -13 -15 0 3 8 66 -1 -17 
121 291 111 136 321 363 148 103 41 31 -40 -38 19 6 -22 -22 
0 0 0 0 0 0 0 0 0 0 0 0 0 0 0 0 
16 -121 -55 -116 -145 -115 -68 -2 -55 -25 21 76 45 107 156 229 
0 0 0 0 0 0 0 0 0 0 0 0 0 0 0 0 
0 0 0 0 0 0 0 0 0 0 0 0 0 0 0 0 
0 0 0 0 0 0 0 0 0 0 0 0 0 0 0 0 
0 0 0 0 0 0 0 0 0 0 0 0 0 0 0 0 
