1376 1376 1376 1376 1376 1376 1376 1376 1376 1376 1376 1376 1376 1376 1376 1376 
32 32 32 32 32 32 32 32 32 32 32 32 32 32 32 32 
0 0 0 0 0 0 0 0 0 0 0 0 0 0 0 0 
0 0 0 0 0 0 0 0 0 0 0 0 0 0 0 0 
0 0 0 0 0 0 0 0 0 0 0 0 0 0 0 0 
0 0 0 0 0 0 0 0 0 0 0 0 0 0 0 0 
0 0 0 0 0 0 0 0 0 0 0 0 0 0 0 0 
-16 -16 -16 -16 -16 -16 -16 -16 -16 -16 -16 -16 -16 -16 -16 -16 
-32 -32 -32 -32 -32 -32 -32 -32 -32 -32 -34 -36 -32 -40 -32 -40 
-32 -32 -40 -40 -32 -32 -40 -40 -66 -72 -72 -80 -72 -72 -80 -80 
0 0 -8 -8 0 0 -8 -8 -40 -40 -48 -48 -40 -40 -48 -48 
0 0 -8 -8 0 -4 -8 -10 8 8 -6 -8 8 2 -8 -11 
-24 -32 -38 -40 -32 -32 -40 -40 -18 -24 -26 -32 -24 -24 -32 -32 
0 0 -8 -8 0 0 -8 -8 12 12 0 0 12 12 0 0 
0 0 -8 -8 0 0 -8 -8 -36 -36 -48 -48 -36 -37 -48 -64 
0 0 0 0 0 0 0 0 18 16 -54 -72 16 16 -64 -64 
0 0 0 0 0 0 0 0 16 16 -72 -72 16 16 -72 -72 
0 0 0 0 0 0 0 0 16 16 -76 -80 16 16 -80 -80 
0 0 0 0 0 0 0 0 16 16 -80 -80 16 16 -80 -80 
0 0 0 0 0 0 0 0 16 16 -80 -80 16 16 -80 -80 
0 0 0 0 0 0 0 0 16 16 -82 -84 16 16 -84 -84 
0 0 0 0 0 0 0 0 -12 -12 20 20 -12 -12 20 20 
0 0 0 0 0 0 0 0 -12 -12 20 20 -12 -12 24 24 
0 0 0 0 0 0 0 0 -12 -12 24 24 -12 -20 24 18 
0 0 -8 -8 0 0 -8 -8 -48 -56 -12 -20 -48 -48 -20 -20 
0 0 -8 -8 0 0 -8 -8 -48 -48 -12 -12 -48 -48 -12 -12 
0 0 -8 -8 0 0 -8 -8 -48 -48 -12 -12 -48 -48 -12 -12 
0 0 -8 -8 0 8 -8 -10 -48 -48 -12 -12 -48 -54 -12 -4 
20 24 -24 -28 24 28 -28 -26 -70 -72 7 8 -72 -72 8 10 
39 40 -13 -12 40 40 -12 -12 -58 -56 23 24 -56 -56 24 24 
40 40 -12 -12 40 40 -12 -12 -56 -56 24 24 -56 -56 24 24 
40 40 -12 -12 40 32 -12 -12 -56 -56 32 32 -56 -53 32 42 
42 32 24 24 32 32 24 24 -25 -24 -51 -40 -24 -24 -40 -40 
-16 -16 -24 -24 -16 -16 -24 -24 8 8 -8 -8 8 8 -8 -8 
-16 -16 -24 -24 -16 -16 -24 -24 8 8 -8 -8 8 8 -8 -8 
-16 -16 -24 -24 -16 -16 -24 -24 8 8 -8 -8 8 12 -8 0 
16 16 8 8 16 16 16 16 -14 -12 -27 -24 0 -4 -8 -12 
-16 -16 -24 -24 -16 -16 -20 -16 -34 -37 -45 -49 -22 -20 -32 -28 
16 16 8 8 16 16 12 16 -2 -5 -13 -17 10 12 0 4 
16 16 8 8 16 16 12 16 -18 -21 -29 -33 -6 -4 -16 -12 
16 16 8 8 16 16 12 16 -18 -21 -29 -33 -6 -4 -16 -12 
16 16 8 8 16 16 8 8 -18 -24 -29 -36 -40 -36 -48 -42 
16 16 8 8 16 16 16 16 -14 -12 -27 -24 0 -4 -8 -12 
16 16 8 8 16 16 12 16 -18 -21 -26 -29 -6 0 -14 -8 
16 16 16 16 16 16 16 16 16 16 8 8 16 16 12 12 
16 16 16 16 16 16 16 16 16 16 8 8 16 16 8 8 
16 16 16 16 16 24 16 24 16 16 4 4 16 16 4 4 
52 64 44 56 64 64 56 56 21 24 4 4 24 24 4 4 
32 32 24 24 32 32 24 24 -8 -8 -28 -28 -8 -8 -28 -28 
32 32 24 24 32 32 24 24 -8 -8 -28 -28 -8 -8 -28 -28 
32 32 24 24 32 32 24 24 -8 -8 -28 -28 -8 -10 -28 -28 
16 16 8 8 16 16 8 8 -22 -24 -36 -36 -24 -24 -36 -36 
16 16 8 8 16 16 8 8 -24 -24 -32 -32 -24 -24 -32 -32 
16 16 8 8 16 16 8 8 -24 -24 -32 -32 -24 -24 -32 -32 
16 16 8 8 16 16 8 8 -24 -24 -32 -32 -24 -24 -32 -32 
16 16 8 8 16 16 8 8 -24 -24 -32 -32 -24 -24 -32 -32 
16 16 8 8 16 16 8 8 -24 -24 -32 -32 -24 -24 -32 -32 
16 16 8 8 16 16 8 8 -24 -24 -32 -32 -24 -24 -32 -32 
16 16 8 8 16 16 8 8 -24 -24 -32 -32 -24 -24 -32 -32 
16 16 8 8 16 16 8 8 -24 -24 -32 -32 -24 -24 -32 -32 
16 16 8 8 16 16 8 8 -24 -24 -38 -40 -24 -24 -40 -40 
16 16 8 8 16 16 8 8 -24 -24 -32 -32 -24 -24 -32 -32 
16 16 8 8 16 16 8 8 -24 -24 -32 -32 -24 -24 -32 -32 
16 16 8 8 16 16 8 8 -24 -24 -32 -32 -24 -24 -32 -32 
16 16 8 8 16 16 8 8 -24 -24 -32 -32 -24 -20 -32 -26 
0 0 0 0 0 0 0 0 -3 0 -11 -8 0 0 -8 -8 
0 0 0 0 0 0 0 0 0 0 -8 -8 0 0 -8 -8 
0 0 0 0 0 0 0 0 0 0 0 0 0 0 0 0 
0 0 0 0 0 0 0 0 0 0 0 0 0 0 0 0 
0 0 0 0 0 0 0 0 0 0 -6 -8 0 0 -4 -4 
0 0 0 0 0 0 0 0 0 0 -4 -4 0 0 -4 -4 
0 0 0 0 0 0 0 0 0 0 0 0 0 0 0 0 
0 0 0 0 0 8 0 8 0 0 0 0 0 0 0 0 
28 32 28 32 32 32 32 32 16 16 16 16 32 32 32 32 
32 32 32 32 32 32 32 32 32 32 32 32 32 32 32 32 
32 32 32 32 32 32 32 32 32 32 32 32 32 32 40 40 
32 32 32 32 32 32 32 32 32 32 32 32 32 32 32 32 
32 32 32 32 32 32 32 32 32 32 40 40 32 40 40 44 
32 32 35 36 32 32 32 32 54 56 62 64 48 48 56 56 
0 0 0 0 0 0 0 0 16 16 24 24 16 16 24 24 
48 48 48 48 48 48 48 48 48 48 48 48 48 48 48 48 
16 16 16 16 16 16 16 16 16 16 16 16 16 16 16 16 
16 16 16 16 16 12 16 12 16 16 26 32 16 16 32 32 
-8 -16 -8 -16 0 0 0 0 0 0 8 8 0 0 8 8 
0 0 0 0 0 0 0 0 0 0 8 8 0 0 8 8 
0 0 0 0 0 0 0 0 0 0 0 0 0 0 0 0 
0 0 0 0 0 0 6 6 0 8 0 10 32 32 40 44 
-16 -16 -14 -16 -16 -24 -16 -24 -7 -16 3 -8 -16 -16 -8 -8 
-52 -56 -54 -60 -48 -48 -48 -48 -36 -40 -24 -24 -32 -32 -24 -24 
-32 -32 -32 -32 -32 -36 -32 -36 -16 -16 -8 -8 -16 -8 -10 -6 
-24 -32 -13 -20 -16 -20 -4 -10 29 32 44 48 48 47 64 60 
-32 -40 -28 -36 -40 -40 -36 -37 21 16 42 36 16 18 36 36 
-12 -16 -4 -4 -16 -16 -4 -5 -15 -16 4 4 -16 -16 4 4 
-16 -16 -6 -8 -16 -16 -8 -8 -14 -16 4 4 -20 -18 4 4 
-16 -16 -8 -8 -16 -16 -8 -8 -20 -20 4 4 -20 -18 4 4 
-24 -32 -24 -24 -32 -30 -24 -24 4 4 4 4 4 6 4 4 
-33 -32 -24 -24 -36 -42 -24 -30 4 4 4 4 4 -3 4 0 
-62 -68 -28 -36 -68 -68 -36 -36 21 12 58 52 12 12 52 52 
-36 -36 4 4 -36 -36 4 4 -20 -20 24 24 -20 -4 24 37 
pdst size is 8, 204 204 204 204 -36 -36 12 16 -36 -41 8 8 
-19 -14 -19 -9 -2 4 3 11 -18 -15 -5 5 -2 6 15 23 
-2 -4 -8 -16 -4 -4 -16 -16 -8 -16 -4 -12 -16 -16 -12 -12 
-8 -8 -16 -18 -8 -8 -24 -24 -16 -22 -12 -20 -50 -56 -52 -60 
28 28 8 10 28 26 16 16 -20 -20 -28 -29 -10 -12 -51 -58 
-14 -16 36 32 -16 -8 32 30 42 36 48 40 36 36 32 32 
35 40 -6 -8 40 40 -8 -4 -16 -16 -18 -20 -16 -16 -16 -20 
8 8 36 36 8 8 36 36 31 28 10 4 28 28 4 4 
8 8 36 36 8 8 36 36 28 28 4 4 28 28 4 4 
11 12 36 36 12 12 36 36 28 28 0 0 28 28 0 0 
16 16 36 36 16 16 36 36 28 28 4 4 28 28 4 4 
16 16 36 36 16 32 36 44 28 28 4 4 28 22 4 3 
44 44 45 43 28 29 28 24 -10 -17 -30 -28 -2 4 -10 -4 
38 40 24 24 40 40 24 24 4 4 -10 -12 4 4 -12 -12 
40 40 24 24 40 40 24 24 4 4 -10 -12 4 4 -12 -12 
40 40 24 24 40 40 24 24 4 4 -10 -12 4 4 -12 -12 
40 40 24 24 40 46 24 32 4 4 -10 -12 4 -1 -12 -15 
69 72 43 48 76 74 48 52 -14 -20 -24 -32 -20 -14 -32 -24 
-16 -16 -3 0 -6 -6 8 8 -9 0 8 20 8 8 28 28 
-8 -8 8 8 -6 -6 8 8 8 8 32 32 8 8 32 32 
-24 -24 -8 -8 -22 -22 -8 -8 0 0 32 32 0 0 32 32 
-24 -24 -8 -8 -22 -22 -8 -8 0 0 32 32 0 0 32 32 
-24 -24 -8 -8 -32 -28 -8 -8 0 0 24 24 0 0 24 24 
-24 -24 -8 -8 -20 -21 -8 -4 0 0 30 32 0 4 24 32 
4 2 -8 -8 8 8 0 0 -31 -28 -39 -36 -24 -24 -32 -32 
16 16 0 0 20 17 0 0 -24 -24 -32 -32 -24 -25 -32 -32 
6 4 -16 -16 4 1 -16 -16 -40 -40 -48 -48 -40 -40 -48 -48 
26 24 4 4 24 23 4 4 0 0 0 0 0 0 0 0 
24 24 4 4 24 23 4 4 0 0 0 0 0 0 0 0 
24 24 4 4 24 23 4 4 0 0 0 0 0 -3 0 -4 
24 24 0 0 24 23 0 0 -20 -24 -24 -32 -24 -24 -32 -32 
24 24 0 0 24 26 0 8 -24 -24 -32 -32 -24 -29 -32 -36 
43 44 18 20 44 44 20 22 -38 -40 -56 -64 -40 -41 -64 -64 
20 20 -9 -8 20 20 -8 -8 -12 -12 -32 -32 -8 -8 -32 -32 
20 20 -8 -8 20 20 -8 -8 -8 -8 -32 -32 -8 -4 -32 -32 
36 36 -8 -8 36 35 -8 -8 13 20 -25 -24 20 20 -24 -24 
20 20 -16 -16 20 20 -16 -16 24 24 -16 -16 24 24 -16 -16 
24 24 -8 -8 24 24 -8 -8 28 28 4 4 28 28 4 4 
24 24 -8 -8 24 24 -8 -8 28 28 4 4 28 28 4 4 
24 24 -8 -8 24 24 -8 -8 28 28 4 4 28 28 4 4 
24 24 -8 -8 24 20 -8 -12 28 28 0 0 28 25 0 -3 
24 24 -8 -8 24 20 -8 -12 28 28 0 0 28 25 0 -3 
8 4 -32 -40 4 4 -40 -34 4 -4 -20 -28 -4 2 -28 -26 
20 20 -15 -12 20 20 -12 -12 21 24 -9 -8 24 24 -8 -8 
20 20 -12 -12 20 20 -12 -12 24 24 -8 -8 24 24 -8 -8 
20 20 -12 -12 20 20 -12 -12 24 24 -8 -8 24 24 -8 -8 
24 24 -8 -8 24 26 -8 -8 28 28 -4 -4 28 28 0 0 
34 36 -8 -8 36 36 -8 -8 28 28 0 0 28 28 0 0 
36 36 -8 -8 36 36 -8 -4 28 28 0 0 28 30 0 0 
4 4 -9 -8 4 4 -8 -8 -12 -12 -8 -8 -12 -12 -8 -8 
4 4 -8 -8 4 2 -8 -4 -12 -12 -8 -7 -12 -8 -4 4 
-12 -16 0 2 -12 -12 8 8 1 5 23 28 12 30 28 30 
-4 -4 -16 -16 -4 -2 -16 -8 -16 -16 -44 -44 -16 -16 -44 -44 
-17 -16 -26 -20 0 0 2 4 -13 -5 -44 -38 25 32 -14 -8 
0 0 4 4 0 0 4 4 0 0 -28 -28 0 0 -32 -32 
16 16 16 16 32 32 32 32 4 4 -28 -28 8 8 -28 -20 
32 32 32 32 32 32 32 32 16 16 3 8 32 32 24 24 
32 40 32 40 66 70 68 70 32 32 28 28 50 52 40 40 
20 16 20 16 16 16 16 16 16 16 12 12 16 16 12 12 
44 44 48 48 44 47 48 48 32 32 32 32 32 32 32 32 
31 32 32 32 28 28 32 32 16 16 16 16 16 24 16 24 
-4 -4 5 8 -4 -4 8 8 8 20 15 24 20 20 24 24 
32 32 32 32 32 32 32 28 32 32 40 42 32 32 48 56 
-4 -8 -20 -24 -8 4 -24 -24 0 -4 39 48 -4 -5 48 48 
19 28 -8 -8 28 25 -8 -8 -4 -4 44 40 -4 -4 40 38 
0 -4 0 0 -4 -4 0 -8 0 0 18 16 0 0 16 20 
-12 -12 -28 -32 -12 -12 -32 -24 -4 -4 34 40 -4 0 40 40 
-16 -16 -2 4 -16 -16 4 4 18 20 40 40 20 20 40 40 
-15 -6 4 11 15 27 27 40 20 33 42 58 49 63 74 87 
-28 -39 -4 -12 -43 -47 -22 -28 12 4 42 34 1 -11 32 26 
-48 -48 -28 -28 -48 -50 -28 -30 -12 -12 24 24 -12 -12 24 24 
-14 -20 -4 -12 -22 -26 -12 -12 12 4 40 37 4 18 36 45 
-21 -20 -4 -4 -20 -21 -4 -4 46 56 74 84 56 56 84 84 
-2 -4 -4 -4 -4 -4 -4 -4 16 16 20 20 16 11 16 10 
-4 -4 -6 -8 -4 -4 -8 -8 -18 -24 -23 -34 -24 -24 -42 -44 
-4 -4 -8 -8 -4 -4 -8 -8 -24 -24 -48 -48 -24 -25 -48 -52 
-8 -8 20 20 -8 -8 20 20 34 32 40 32 32 28 32 28 
8 8 34 32 8 8 28 26 26 16 24 8 -1 -4 -12 -16 
8 8 30 32 8 8 32 32 -4 -4 -16 -16 0 0 -16 -16 
8 8 32 32 8 8 32 32 0 0 -16 -16 0 0 -16 -16 
8 8 32 32 8 10 32 32 0 0 -20 -20 0 0 -20 -20 
0 0 16 16 0 0 16 16 -16 -16 -36 -36 -16 -16 -36 -36 
16 16 32 32 16 6 32 32 0 0 -24 -24 0 0 -24 -24 
5 -4 42 40 -4 -4 40 40 40 40 0 0 40 40 4 4 
-12 -20 48 42 -52 -60 16 8 44 44 4 4 36 29 0 -6 
-28 -25 32 24 -37 -42 -20 -36 30 16 2 0 -11 -16 -16 -16 
28 18 42 28 -8 -20 -8 -20 60 48 68 56 -4 -16 4 -8 
-36 -40 -40 -48 -40 -45 -48 -52 -40 -48 -34 -48 -48 -48 -44 -40 
-32 -40 -40 -48 -40 -40 -48 -48 -40 -48 -40 -48 -48 -52 -48 -50 
-8 -8 -20 -24 -8 -9 -24 -24 -38 -44 -40 -48 -44 -45 -48 -48 
10 8 -4 -8 8 8 -8 -8 -26 -28 -32 -32 -28 -29 -32 -40 
20 20 -16 -20 20 20 -20 -20 -47 -52 -75 -84 -52 -52 -88 -88 
24 24 -12 -12 24 24 -12 -12 20 20 -34 -36 20 10 -39 -46 
24 24 -21 -24 26 22 -20 -22 -22 -32 -80 -96 -32 -38 -92 -96 
-24 -28 -12 -16 -28 -29 -16 -16 -24 -32 0 -8 -32 -33 -8 -8 
-28 -28 -20 -20 -28 -29 -20 -20 -36 -36 -16 -16 -36 -37 -16 -16 
4 4 12 12 4 3 12 12 -4 -4 8 8 -4 -5 8 8 
4 4 12 12 4 4 12 12 -4 -4 8 8 -4 -4 8 8 
2 0 0 0 0 12 10 16 0 10 10 16 16 16 20 20 
31 36 31 32 36 44 32 41 32 32 24 24 32 47 26 42 
37 44 38 48 44 52 48 56 44 48 33 36 48 56 36 44 
33 40 44 48 40 42 48 48 44 48 32 36 48 48 36 36 
6 8 16 16 8 7 16 24 16 16 18 20 16 24 20 37 
32 32 20 24 32 40 24 32 -30 -20 -65 -46 -2 8 -32 -27 
57 60 58 60 48 48 42 40 27 28 -36 -33 21 20 -9 0 
-26 -24 -32 -32 -24 -20 -32 -32 -32 -32 -48 -48 -32 -32 -44 -50 
24 24 3 4 24 24 4 4 -8 -8 -36 -42 -8 -8 -50 -52 
16 8 -8 -12 8 8 -12 -12 -28 -28 -60 -64 -28 -39 -58 -64 
40 40 20 20 40 40 20 20 -8 -8 -34 -35 -8 -8 -30 -28 
-12 -12 -4 -4 -12 -12 -4 -4 0 0 7 8 0 0 4 4 
-12 -12 -4 -4 -12 -12 -4 -4 0 0 8 8 0 0 8 8 
-12 -12 -4 -4 -12 -12 -4 -4 0 0 4 4 0 0 4 4 
-28 -28 -20 -20 -28 -35 -20 -26 -16 -16 -8 -8 -16 -16 -8 -8 
-52 -60 -43 -48 -56 -52 -48 -51 -19 -20 -8 -7 -16 -12 -8 -8 
-16 -16 -20 -20 -16 -16 -20 -20 20 20 20 20 20 20 20 20 
-12 -12 -8 -8 -12 -12 -8 -8 12 12 24 24 12 12 24 24 
-12 -12 -8 -8 -12 -12 -8 -8 12 12 24 24 12 12 24 24 
-16 -16 -20 -20 -16 -16 -20 -15 0 0 12 12 0 4 12 12 
8 8 -12 -6 8 12 0 0 -19 -16 -32 -31 -16 -14 -28 -28 
-16 -16 -32 -32 -16 -16 -32 -32 -28 -28 -44 -44 -28 -28 -44 -44 
16 16 0 0 16 16 0 0 4 4 -12 -12 4 4 -12 -12 
8 8 -16 -16 8 6 -16 -16 -12 -12 -28 -28 -12 -12 -28 -28 
0 0 -16 -16 0 0 -16 -16 -12 -12 -28 -28 -12 -12 -28 -28 
0 0 -16 -16 0 0 -16 -16 -12 -12 -28 -28 -12 -12 -28 -28 
0 0 -16 -16 0 0 -16 -16 -12 -12 -28 -28 -12 -12 -28 -28 
8 8 -12 -12 8 8 -12 -12 -12 -12 -28 -28 -12 -12 -28 -22 
4 4 0 0 16 16 16 16 0 0 -3 0 16 16 16 16 
0 0 0 0 0 0 0 0 0 0 0 0 0 0 0 0 
0 0 0 0 0 0 0 0 0 0 0 0 0 0 0 0 
0 0 0 0 0 0 0 0 0 0 0 0 0 0 -4 -4 
-16 -12 -16 -12 6 15 8 16 -16 -16 -16 -16 0 0 0 0 
20 24 16 16 24 24 16 16 0 0 0 0 0 0 0 0 
24 24 16 16 24 24 16 16 0 0 0 0 0 0 0 0 
24 26 16 16 34 42 16 24 0 0 0 0 0 8 0 8 
8 8 -8 -8 -9 -2 -28 -16 -24 -16 -26 -16 -16 -8 -16 -10 
8 16 4 16 16 16 16 16 4 16 4 16 16 16 16 16 
-8 -8 -16 -16 -4 0 -16 -8 0 0 6 8 0 8 8 16 
5 8 -4 0 8 8 0 0 -4 0 4 8 0 0 8 8 
8 8 0 0 8 8 0 0 0 0 7 8 0 0 8 8 
-6 0 -16 -9 0 0 0 0 -16 -16 -16 -16 -9 0 -16 -3 
0 0 0 0 16 16 16 16 0 0 0 0 16 16 13 16 
8 8 0 0 8 8 0 0 0 0 7 8 0 0 8 8 
40 44 60 63 60 69 78 84 148 149 244 244 148 148 244 244 
38 44 52 52 44 44 52 52 -16 -16 -36 -36 -16 -16 -36 -36 
44 44 52 52 44 44 52 52 -16 -16 -36 -36 -16 -16 -36 -36 
4 0 16 16 0 0 16 16 -3 -41 -23 -75 -51 -56 -116 -152 
18 18 28 20 3 0 4 0 10 3 14 4 0 10 10 24 
32 32 38 42 32 38 48 64 33 50 67 80 83 96 106 120 
29 47 68 86 62 76 102 117 83 96 113 125 111 122 138 144 
-6 -8 38 36 -8 -8 36 36 -32 -40 -8 -16 -40 -40 -12 -12 
-8 -8 36 36 -8 -8 36 36 -40 -40 -5 0 -40 -42 4 -5 
16 16 76 76 16 24 76 69 74 64 76 56 47 39 33 24 
9 12 24 16 0 0 4 4 4 -4 -22 -32 -8 -15 -26 -34 
32 32 28 28 16 9 22 16 -10 -12 -36 -50 5 5 -89 -98 
8 -8 56 36 -32 -48 0 -16 80 64 32 16 32 10 -16 -31 
-55 -62 -36 -47 -56 -58 -44 -51 -24 -46 -59 -78 -69 -79 -104 -108 
-37 -40 -52 -60 -40 -52 -60 -65 -75 -84 -86 -92 -84 -84 -92 -92 
-1 -13 -18 -28 -23 -25 -31 -39 -29 -37 -37 -51 -45 -54 -60 -65 
-8 -8 -20 -20 -8 -8 -20 -20 8 8 0 0 8 8 0 0 
-8 -8 -20 -20 -8 -9 -20 -20 8 8 -2 -4 8 8 -4 -4 
-22 -24 -36 -36 -24 -24 -36 -36 -8 -8 -16 -16 -8 -8 -16 -16 
8 8 -4 -4 8 7 -4 -4 24 24 23 24 24 24 24 24 
-2 -4 -16 -16 -4 -4 -16 -16 36 36 32 32 36 38 36 45 
-32 -32 -32 -30 -24 -24 -26 -24 7 14 58 76 40 48 107 118 
16 17 -52 -41 22 22 -1 8 -56 -50 -48 -44 -22 -12 -26 -20 
0 0 0 0 0 0 0 0 -24 -24 -32 -32 -24 -24 -32 -32 
12 11 20 32 -5 8 5 16 -4 8 -12 0 1 12 0 12 
39 13 60 47 8 9 17 6 42 28 40 24 -1 -17 -4 -20 
8 0 2 -8 0 -5 -8 -10 -19 -28 -24 -32 -28 -33 -35 -39 
7 0 -2 -8 0 -4 -8 -8 -22 -28 -28 -36 -28 -28 -40 -43 
-22 -28 -12 -16 -28 -36 -16 -24 -32 -36 -58 -64 -36 -39 -68 -68 
-6 -24 0 -22 -44 -52 -41 -49 2 -4 -10 -12 -22 -26 -20 -24 
-32 -44 -38 -50 -57 -68 -65 -74 -16 -24 -12 -20 -27 -33 -20 -26 
-6 -16 -16 -26 -12 -15 -31 -32 15 0 24 8 -14 -16 -12 -16 
-32 -36 -48 -48 -36 -36 -48 -48 -32 -32 -32 -32 -32 -32 -32 -32 
-12 -12 -32 -32 -12 -14 -32 -32 -16 -16 -16 -16 -16 -24 -16 -24 
-26 -28 -48 -48 -28 -26 -48 -40 -56 -64 -59 -68 -64 -64 -68 -68 
23 24 10 16 8 8 0 0 -20 -3 -38 -40 8 8 -40 -40 
4 4 0 0 16 16 16 16 -8 -8 -52 -52 -8 -6 -52 -46 
8 8 0 0 8 10 0 0 -2 0 -17 -6 0 0 -2 0 
-4 -4 -16 -16 -4 -2 -16 -16 -16 -16 -16 -16 -16 -16 -16 -16 
-8 -8 -32 -32 -8 0 -32 -24 -16 -16 -16 -16 -16 -16 -16 -16 
34 40 0 8 56 81 8 25 -10 -8 -16 -16 -4 -4 -16 -16 
109 117 48 48 120 124 48 58 11 12 -4 -4 12 20 0 6 
-11 -7 -28 -21 -3 -1 -28 -28 -44 -34 -21 -15 -36 -36 -12 -13 
38 36 0 0 44 43 0 0 -4 -4 16 17 -4 -4 20 20 
38 30 0 -6 5 -4 -32 -36 -4 -6 24 24 -14 -8 24 32 
-12 -10 -20 -15 12 16 14 20 12 28 52 68 64 72 105 112 
-6 -7 -16 -12 12 24 8 24 -16 -12 -24 -20 4 24 -8 4 
-6 -4 -4 0 0 0 0 0 -4 0 -20 -16 0 0 -14 -8 
16 16 16 16 16 16 16 16 16 16 4 0 16 16 0 0 
0 0 0 0 0 0 0 0 0 0 -8 -8 0 0 -8 -8 
-16 -16 -16 -16 -16 -16 -16 -16 -16 -16 -16 -16 -16 -16 -16 -16 
0 0 0 0 0 0 2 4 0 4 7 11 20 24 26 32 
4 4 20 20 4 4 20 20 16 16 32 32 16 16 32 32 
16 16 20 20 16 16 20 20 16 16 37 40 16 24 40 46 
16 16 35 36 16 18 36 38 38 44 70 80 44 54 80 85 
3 4 25 28 4 4 28 28 45 52 76 88 52 52 88 90 
4 4 28 28 4 4 28 28 -28 -28 16 16 -28 -28 16 16 
-12 -12 -20 -20 -12 -6 -14 -15 -12 -6 6 8 -4 -6 8 0 
-16 -16 -6 -8 -16 -16 -12 -12 30 24 54 42 20 20 40 40 
-16 -16 -12 -12 -16 -16 -12 -12 0 0 24 24 0 0 24 24 
-16 -16 -12 -12 -16 -16 -12 -12 0 0 24 24 0 0 24 24 
-16 -16 -12 -12 -16 -16 -12 -12 0 0 24 24 0 0 24 24 
-16 -16 -12 -12 -16 -16 -12 -12 0 0 24 24 0 0 24 24 
-16 -16 -12 -12 -16 -16 -12 -12 0 0 24 24 0 0 24 24 
0 0 0 0 16 16 16 16 0 0 16 16 0 0 16 16 
0 0 0 0 0 0 0 0 0 0 2 0 0 0 0 0 
0 0 0 0 0 0 0 0 0 0 0 0 0 0 0 0 
0 0 0 0 -8 -4 -16 -8 0 0 0 0 0 0 0 0 
-18 -16 -20 -16 0 0 0 0 -16 -16 -16 -16 0 0 0 0 
16 16 16 16 16 16 16 16 16 16 16 16 16 16 16 17 
16 16 16 16 16 16 16 16 16 16 20 22 16 24 28 36 
16 16 19 20 16 16 20 20 38 40 52 56 40 40 56 56 
0 0 4 4 1 21 16 25 17 20 36 37 20 40 40 44 
20 32 22 32 0 8 0 8 28 32 30 34 0 0 8 8 
25 28 28 32 40 45 48 48 16 16 16 16 32 32 29 28 
26 28 32 32 28 30 32 32 16 16 8 9 16 16 13 16 
26 28 32 32 12 12 16 16 16 16 16 16 0 16 0 12 
0 0 6 9 -16 -16 -6 2 32 46 40 56 54 77 72 98 
1 4 -11 -4 10 27 8 25 31 47 24 43 57 68 54 67 
14 15 28 34 10 4 27 22 51 56 60 61 50 43 60 54 
-72 -72 -88 -88 -72 -68 -80 -72 -108 -108 -120 -120 -104 -100 -116 -110 
-2 0 -10 -8 0 0 -8 -8 -31 -28 -36 -32 -28 -28 -32 -32 
0 0 0 0 0 0 0 0 -16 -16 -16 -16 0 0 0 0 
20 -24 21 -15 -53 -83 -40 -34 30 22 32 32 16 18 32 32 
-68 -72 33 36 -72 -60 32 31 6 4 16 8 -14 -24 -6 -16 
20 21 45 32 16 16 12 8 31 12 40 24 -8 -12 7 4 
22 24 8 8 28 23 8 6 -12 -12 -8 -8 -12 -4 -8 0 
16 8 -6 -12 12 13 -18 -27 8 6 16 8 -15 -52 -1 34 
-32 4 -91 -60 30 14 16 16 -90 -24 0 16 11 8 0 -6 
54 24 56 22 -18 -55 -39 -80 52 20 50 24 -44 -76 -31 -61 
-53 -79 -80 -108 -146 -172 -164 -192 -76 -108 -66 -92 -164 -177 -148 -160 
-39 -62 -58 -88 -48 -58 -108 -116 -18 -76 17 -16 -90 -115 -71 -98 
-2 -16 -56 -72 -36 -52 -92 -96 -62 -80 -69 -88 -100 -104 -108 -114 
-3 -10 -48 -48 -16 -20 -46 -45 -52 -56 -56 -56 -56 -56 -56 -58 
1 -4 -27 -28 -4 -7 -28 -28 -36 -40 -40 -40 -40 -36 -40 -40 
-16 -18 -27 -28 -22 -19 -31 -26 -13 -11 -14 -18 -15 -17 -20 -21 
-4 -4 -20 -20 -4 -9 -20 -23 -32 -32 -36 -36 -32 -35 -36 -40 
6 0 -12 -20 0 0 -20 -18 -24 -32 -28 -36 -32 -32 -36 -36 
16 23 9 12 18 19 4 10 2 4 1 -3 0 9 -3 0 
32 32 30 32 32 32 32 38 27 28 16 16 28 32 16 27 
20 20 7 8 32 38 24 25 -15 -12 -30 -24 -4 1 -24 -21 
17 42 -7 17 64 90 41 68 -25 1 -44 -25 25 52 -3 16 
0 0 -16 -16 4 8 -16 -16 -32 -32 -56 -56 -32 -32 -56 -56 
-8 -8 -32 -36 -8 -8 -40 -40 32 26 12 6 11 8 -12 -16 
-8 -16 -40 -44 -36 -40 -60 -64 12 10 -16 -16 5 4 -16 -16 
-13 -7 -5 5 4 12 14 23 8 14 11 19 24 34 26 43 
8 -8 8 -8 -22 -30 -28 -36 0 -8 -6 -14 -28 -32 -32 -36 
-48 -56 -56 -64 -72 -74 -80 -80 -48 -48 -54 -56 -64 -68 -68 -72 
-20 -24 -32 -34 -40 -45 -54 -58 -24 -49 -35 -58 -73 -80 -77 -86 
-22 -28 -44 -48 -28 -31 -48 -48 -66 -72 -73 -80 -72 -73 -80 -80 
-16 -20 -32 -32 -20 -21 -32 -32 -56 -56 -66 -68 -56 -56 -68 -68 
24 10 10 -7 -6 -16 -23 -37 -10 -25 -28 -42 -39 -54 -57 -63 
0 0 -14 -16 0 -9 -24 -25 -32 -40 -50 -52 -40 -44 -58 -61 
8 4 -14 -16 0 -16 -24 -30 -30 -40 -46 -48 -40 -44 -57 -60 
-16 -24 -24 -32 -24 -26 -32 -32 -30 -32 -32 -32 -32 -32 -32 -32 
-6 -8 -16 -16 -8 -8 -16 -16 -16 -16 -16 -16 -16 -8 -16 -8 
-4 -4 -13 -12 -4 1 -12 -6 6 8 12 16 8 8 16 16 
-21 -12 -35 -28 6 12 -12 -8 -16 -16 -16 -16 -14 -6 -16 -6 
-12 -11 -32 -28 -2 0 -8 0 -34 -10 -15 0 0 0 4 8 
-16 -16 -16 -16 -16 -16 -16 -16 0 0 8 8 0 8 4 10 
-16 -16 -13 -12 -16 -16 -12 -12 6 8 20 24 8 8 24 24 
-8 -8 -12 -12 -8 -6 -12 -12 8 8 30 32 8 8 32 32 
1 4 -12 -12 4 3 -12 -12 8 8 22 20 8 8 20 20 
-26 -24 -44 -40 -10 0 -24 -6 -28 -24 -8 -5 -8 12 7 24 
15 20 16 26 40 48 50 56 38 67 61 84 92 108 104 120 
17 15 -5 -8 22 15 -19 -31 18 12 4 6 -13 -13 17 24 
12 16 -25 -20 31 44 -4 22 0 12 41 56 40 58 84 97 
-22 -17 -25 -13 -17 -13 -9 -6 6 8 33 33 13 16 31 36 
-10 -12 0 0 -12 -13 0 0 20 20 36 36 20 28 36 44 
-12 -12 5 8 -12 -6 8 16 44 56 71 80 56 62 80 86 
-9 -12 -12 -4 -12 -4 -4 -4 5 8 1 4 8 8 -5 -13 
14 21 0 0 26 30 0 8 2 0 -24 -32 0 0 -32 -30 
35 36 16 20 36 46 20 28 4 4 -16 -16 4 14 -16 -9 
63 72 56 68 72 80 68 68 40 52 19 29 52 54 32 32 
58 60 52 52 60 66 52 52 36 36 24 24 36 38 24 28 
34 35 19 20 36 38 21 22 4 5 -7 -6 2 6 -6 -7 
34 36 20 20 36 36 20 20 12 12 0 0 12 12 0 0 
28 28 24 24 28 24 24 17 12 12 4 4 12 7 4 1 
8 2 8 5 11 20 13 23 -1 1 4 -1 5 11 -1 7 
24 24 28 28 24 24 28 28 8 8 2 0 8 8 0 0 
24 24 28 28 24 24 28 28 8 8 12 12 8 24 12 24 
-8 -8 4 4 -8 -8 4 4 23 32 16 24 32 34 29 32 
-8 -8 4 4 -8 -8 4 4 32 32 30 28 32 34 32 32 
-8 -8 4 4 -8 -8 4 4 32 32 32 32 32 34 37 40 
-8 -8 4 4 -8 -16 4 -3 32 32 44 44 32 24 44 37 
-22 -28 -7 -16 -28 -28 -16 -16 -2 -12 21 12 -12 -20 12 6 
-12 -12 -22 -24 -12 -12 -24 -24 -36 -44 -26 -32 -44 -44 -32 -32 
20 20 8 8 20 26 8 16 -12 -12 -5 -8 -12 -17 -8 -11 
-24 -20 17 24 -20 -16 24 24 16 8 72 64 8 16 64 66 
-30 -28 -11 -7 -27 -24 -2 4 10 20 52 56 21 34 59 74 
8 16 44 52 40 48 84 92 28 44 72 87 76 84 112 120 
-25 -24 12 12 -24 -24 12 12 4 4 40 40 4 4 40 40 
-24 -23 12 12 -20 -20 12 12 4 4 40 40 4 2 40 32 
-10 2 14 20 20 24 32 32 -18 -24 -4 -16 -16 -16 -16 -16 
0 -8 0 -6 -22 -25 -25 -28 16 12 14 12 -6 2 -4 2 
-24 -20 -22 -16 -6 2 2 22 4 22 15 32 38 48 57 74 
6 16 25 36 0 8 24 30 60 60 91 92 52 64 80 90 
-48 -24 -34 -18 -40 -14 -40 -16 -2 8 10 16 -32 -16 -24 -8 
2 12 -6 -4 28 38 12 28 -23 -24 -16 -8 -8 7 -10 5 
17 12 6 -2 16 12 12 12 -16 -21 -20 -24 -6 -4 -10 -8 
-24 -24 -40 -40 -20 -10 -40 -32 -72 -72 -80 -80 -68 -66 -80 -80 
18 24 -16 -4 28 40 -2 6 12 24 -11 -4 24 13 -4 -2 
20 20 -38 -40 20 20 -40 -36 -22 -28 -10 -10 -28 -18 -12 -12 
20 20 -3 4 20 20 4 4 -16 -4 -19 -16 -4 -4 -18 -20 
20 20 4 4 11 7 4 0 -4 -4 -20 -22 -4 -8 -27 -31 
16 18 20 20 23 25 28 29 6 6 -10 -6 14 17 8 17 
-6 -12 0 -8 -12 -10 -8 -8 4 -4 -2 -4 -4 -5 -4 -4 
-4 -6 -8 -8 -7 5 -8 -8 -12 -12 -14 -16 -12 -22 -16 -22 
4 0 -30 -32 -4 -6 -32 -32 -60 -72 -64 -76 -72 -68 -76 -68 
38 32 -12 -12 7 -19 -15 -24 -60 -53 -76 -60 -38 -32 -42 -36 
32 14 40 24 -38 -58 -23 -48 48 44 46 46 -5 -44 31 -21 
-14 -8 -21 -16 -49 -54 -51 -56 -23 -24 -14 -10 -21 -18 -1 20 
4 -21 25 3 -38 -47 -13 -31 76 56 114 91 40 23 66 41 
-16 -16 -6 -10 -16 -16 -16 -16 30 16 38 20 -24 -32 -24 -32 
16 16 8 8 16 12 8 6 -12 -12 -18 -20 -24 -24 -36 -37 
-8 -24 -10 -26 -30 -31 -47 -44 -26 -52 -54 -74 -71 -65 -79 -72 
-14 -16 -20 -24 -16 -20 -24 -26 -42 -44 -50 -52 -44 -44 -48 -48 
-8 -16 -12 -16 0 0 -8 -10 -16 -18 -14 -3 -27 -28 21 25 
-4 -8 -26 -28 -8 -4 -28 -29 -30 -32 8 4 -32 -33 4 -4 
7 8 -38 -40 8 16 -40 -40 -52 -52 -21 -28 -52 -50 -31 -32 
62 64 8 8 64 68 8 26 -4 -4 7 8 -4 -4 0 0 
-11 -6 -30 -24 -10 3 -19 -10 -80 -76 -80 -76 -48 -36 -60 -48 
-13 5 -9 10 12 21 19 26 0 21 9 26 28 37 35 42 
0 0 4 0 0 0 -4 -4 16 10 24 18 -20 -28 -8 -16 
4 8 4 4 10 6 5 2 -8 -5 0 2 -4 -5 4 -1 
-1 -1 -11 -13 8 26 -2 15 -16 -14 -13 -7 -5 9 -4 15 
50 43 34 29 31 18 18 6 32 22 25 18 14 12 8 2 
-32 -34 -41 -44 -32 -31 -42 -38 -9 -2 -7 0 4 4 6 9 
-36 -52 -29 -45 -65 -77 -57 -70 -8 -27 0 -11 -43 -57 -24 -38 
-60 -64 -55 -56 -64 -73 -56 -63 -40 -48 -23 -36 -50 -52 -36 -36 
-60 -68 -52 -60 -68 -68 -60 -60 -20 -20 8 8 -20 -20 8 8 
-4 -4 4 4 -13 -18 4 4 -20 -20 8 8 -20 -20 8 8 
-12 -16 -16 -16 -16 -16 -16 -16 -16 -16 -8 -8 -16 -16 -8 -8 
-16 -16 -16 -16 -16 -16 -16 -16 0 0 8 8 -14 -16 4 0 
0 0 0 0 0 0 0 0 0 0 8 8 0 0 8 8 
0 0 0 0 0 0 0 0 0 0 8 8 0 0 8 8 
0 0 0 0 0 0 0 0 0 0 0 0 0 0 0 0 
-32 -28 -32 -27 -8 8 -4 11 -32 -14 -26 2 16 23 24 42 
8 20 0 22 22 28 26 38 1 63 63 126 67 90 123 129 
28 28 10 16 32 46 51 72 40 49 52 73 89 108 129 152 
48 53 42 55 47 52 64 70 41 48 63 70 49 65 65 63 
36 40 56 60 40 34 60 52 60 64 52 52 64 56 45 41 
6 0 8 0 0 0 0 0 8 0 8 -2 0 0 -4 -12 
4 6 -12 -12 13 24 -12 -4 -21 -24 -47 -56 -24 -24 -56 -56 
56 75 23 43 92 112 59 81 -16 -4 -43 -33 12 34 -17 7 
2 -2 2 -6 -6 1 -14 -14 -10 -18 -14 -21 -26 -28 -26 -34 
-7 28 14 44 48 48 48 48 14 26 16 24 56 64 54 60 
32 32 32 32 32 36 32 32 32 32 37 40 32 40 40 46 
16 16 17 20 16 20 20 20 33 36 38 48 36 44 48 56 
-24 -23 -23 -18 -19 -14 -12 -10 4 9 18 32 16 19 32 36 
-8 -8 -4 -4 -8 -11 -4 -4 20 20 40 40 20 20 40 40 
-30 -32 -20 -20 -32 -30 -20 -15 4 4 20 20 4 6 26 28 
-29 -28 -14 -12 -26 -13 -12 -2 4 5 24 29 8 19 42 49 
-22 -16 -14 -5 -15 6 4 20 7 17 38 48 20 36 54 68 
7 17 24 36 20 22 36 42 40 52 63 72 52 63 72 82 
-4 -3 23 24 0 0 24 24 52 56 82 88 56 66 88 99 
0 1 4 4 5 8 5 8 26 40 36 48 40 40 54 56 
-12 -12 -12 -12 -12 -12 -12 -12 -4 -4 12 12 -4 -4 12 12 
-16 -20 -12 -12 -52 -78 -25 -64 -4 -4 12 12 -4 0 12 20 
-48 -48 -24 -24 -48 -40 -24 -16 40 48 63 73 48 48 76 76 
-8 -8 -3 1 -9 -12 -8 -10 11 1 28 19 -49 -71 -70 -127 
-14 -20 24 12 -25 -12 -11 -48 18 14 6 -2 31 25 12 29 
-18 -24 -72 -80 -16 -10 -74 -52 -8 -8 62 78 34 77 109 126 
3 16 8 32 39 48 60 72 35 52 59 74 80 92 98 108 
32 32 48 48 32 28 48 46 48 48 64 60 48 48 60 60 
-26 -32 -8 -18 -32 -35 -20 -23 0 0 16 12 -3 0 8 16 
-60 -64 -37 -44 -64 -64 -44 -44 10 12 34 33 12 14 33 38 
-9 -37 -9 -30 -47 -52 -66 -98 24 19 28 14 -14 -90 -16 -86 
-6 -12 11 12 -20 -4 8 24 51 44 74 65 40 56 68 82 
28 41 63 78 44 55 88 90 15 28 41 52 37 40 58 64 
36 51 74 80 62 64 80 80 16 8 16 8 -12 -16 -12 -16 
-4 -4 16 16 -4 -4 16 16 0 0 -4 -4 0 0 -4 -4 
-16 -16 0 0 -16 -28 0 -16 16 16 8 8 16 12 8 5 
12 0 23 4 -16 -29 -23 -36 52 32 55 38 -21 -32 -14 -24 
-20 -30 -24 -40 -49 -43 -60 -56 -24 -32 -8 -16 -56 -56 -42 -42 
-12 4 -24 -4 64 80 64 80 -24 4 -8 14 68 80 68 82 
16 16 16 17 16 16 22 24 16 31 25 40 48 50 56 56 
12 24 13 24 2 26 8 32 18 24 20 24 8 32 6 25 
16 18 24 32 11 28 32 28 24 32 20 25 20 8 16 4 
0 0 -8 -8 4 8 -8 -8 -28 -28 -34 -36 -28 -28 -36 -36 
-16 -15 4 13 -6 -4 54 64 92 99 104 112 132 142 151 160 
-12 -12 8 8 -12 -4 0 2 20 20 -8 -8 7 -18 -8 -10 
13 16 17 16 16 12 12 12 -9 -4 -4 -4 -4 1 -10 -5 
4 4 16 16 -19 -40 -13 -67 22 26 26 33 -17 -86 7 -81 
-32 -38 -27 -33 -53 -57 -49 -53 -1 -10 5 -27 -29 -36 -92 -106 
-14 -8 -7 -8 18 20 16 16 -6 -41 -70 -82 -48 -51 -80 -82 
-2 -8 -3 -12 -8 -16 -16 -25 -13 -20 -28 -36 -28 -29 -36 -38 
-20 -32 -26 -32 -30 -30 -33 -32 -34 -35 -38 -40 -36 -47 -43 -52 
-5 -4 12 15 -11 -7 9 12 -12 -13 -28 -28 -8 3 -25 -23 
11 26 5 6 9 -18 -8 -48 19 -2 12 25 -57 -103 8 -27 
-17 -10 -48 -37 20 19 14 38 -117 -122 -54 -72 -74 0 -73 -82 
-12 -32 14 -2 -86 -103 -56 -72 55 41 -10 -12 36 26 -8 -6 
67 36 68 36 36 6 20 -8 71 28 65 38 -6 -32 -5 -40 
20 0 8 -8 -28 -40 -28 -40 0 -8 0 -8 -28 -36 -30 -39 
-36 -40 -40 -48 -56 -62 -64 -68 -36 -48 -37 -48 -64 -68 -64 -68 
-51 -60 -60 -64 -66 -62 -72 -68 -60 -64 -60 -64 -72 -68 -71 -68 
-6 -8 -16 -16 -8 0 -22 -24 -16 -24 -16 -24 -41 -44 -44 -52 
34 43 -2 4 52 52 4 14 -32 -36 -54 -60 -36 -30 -60 -47 
4 0 -13 -8 0 8 -4 8 -46 -37 -56 -44 -22 -8 -24 -8 
21 16 28 24 -1 -7 4 -4 12 16 12 16 16 16 16 16 
8 0 10 2 -8 -8 -16 -16 28 20 40 32 -8 -16 -6 -16 
0 0 -8 -8 8 17 -8 0 -28 -28 -32 -32 -28 -20 -34 -30 
10 20 -14 -6 21 24 0 0 -28 -16 -43 -40 -16 -14 -39 -36 
24 24 0 0 16 16 0 0 -12 -12 -32 -32 -12 -12 -28 -28 
16 16 0 0 16 12 0 0 -12 -12 -28 -28 -12 -17 -28 -29 
12 16 4 16 15 36 18 40 -14 -4 -22 -9 1 20 0 20 
24 16 16 8 0 -9 -8 -14 -4 -12 -8 -16 -28 -40 -32 -44 
3 4 -8 -8 16 16 8 8 -37 -36 -48 -48 -36 -36 -48 -48 
32 32 32 32 16 10 16 12 -4 -4 -18 -20 -4 -6 -20 -20 
22 16 24 16 16 16 8 6 8 0 -2 -4 0 0 -8 -10 
28 28 20 20 28 28 20 20 16 16 -4 -3 16 16 2 8 
28 28 32 32 28 36 32 40 32 32 29 32 32 40 32 40 
18 20 28 32 20 20 32 32 28 32 28 32 32 32 32 32 
-12 -12 0 0 -12 -13 0 -4 0 0 8 8 0 0 8 8 
-8 -12 10 4 -12 -12 4 4 26 20 40 36 20 20 32 32 
-12 -12 4 4 -12 -13 4 4 20 20 32 32 20 20 32 40 
-26 -28 0 -4 -28 -28 -4 0 28 28 69 80 28 28 76 74 
0 20 -1 18 36 68 32 64 -15 -2 -16 -1 10 49 13 46 
66 90 60 72 91 103 84 99 53 71 54 68 76 104 82 103 
26 54 32 67 91 120 94 126 41 80 44 81 111 136 106 120 
16 16 24 24 16 19 21 17 12 0 -21 -42 -17 -21 -57 -64 
31 24 38 24 4 0 4 0 34 18 19 4 1 0 0 0 
8 -8 8 -8 -22 -30 -25 -32 8 0 8 2 -6 2 8 16 
-56 -64 -46 -52 -64 -63 -55 -51 22 27 48 72 34 38 112 120 
-31 -15 -36 -19 1 21 1 14 13 16 76 77 20 32 80 86 
32 33 36 43 36 36 52 52 -16 -1 15 18 8 8 21 20 
4 4 20 20 12 26 20 28 -24 -24 -8 -10 -24 -24 -12 -12 
32 39 2 7 36 39 4 11 -16 -17 -48 -49 -20 -21 -52 -53 
22 32 -7 -4 32 40 -3 6 11 12 -30 -29 13 18 -20 -20 
31 32 32 32 32 32 32 32 32 32 32 32 32 32 32 32 
32 32 24 24 32 31 22 11 4 -2 -2 -10 -30 -47 -40 -44 
2 4 -51 -56 22 27 -38 -26 -53 -64 2 4 -60 -72 4 2 
34 46 11 48 70 93 84 116 -112 -6 -61 -39 69 108 11 62 
38 47 60 68 64 74 88 96 55 65 39 64 70 78 64 70 
-11 -8 3 4 -8 3 4 10 29 32 25 28 32 32 28 28 
22 28 29 32 40 45 48 48 16 24 16 22 56 64 48 56 
0 8 0 8 38 44 40 48 16 16 13 16 32 40 28 36 
0 0 3 4 0 0 8 8 22 24 26 32 40 40 45 48 
0 0 4 4 0 0 4 8 36 36 48 48 36 36 48 48 
-19 -16 -11 -5 -15 -1 4 12 9 17 33 40 20 20 44 44 
21 16 29 26 -34 -106 7 -13 31 31 44 44 15 -13 21 6 
9 -28 93 -23 -54 -32 -90 -111 107 -8 190 123 -107 -340 70 -56 
-73 -30 -111 -72 28 48 1 59 -452 -172 -134 -115 -46 14 -85 -69 
16 22 9 20 46 54 36 40 -68 -16 -200 -139 2 12 -106 -94 
-6 -8 -12 -12 -24 -24 -32 -32 25 22 33 28 -10 -19 0 -22 
24 24 59 49 24 23 48 34 33 -42 -105 -214 -58 -63 -226 -190 
9 -17 43 10 -15 -4 12 38 69 51 142 145 100 141 182 224 
53 -60 -31 -122 -234 -178 -268 -205 -20 -26 -29 -10 -36 -43 -8 -12 
-38 -33 -53 -44 -20 -2 -24 -8 2 -4 36 28 4 4 19 16 
17 24 0 8 28 25 8 8 -6 -4 0 0 0 -2 0 0 
12 8 -4 -8 2 -3 -8 -10 -16 -16 -16 -16 -16 -22 -16 -20 
-16 -24 -34 -40 -24 -24 -40 -40 -42 -48 -40 -48 -48 -48 -48 -48 
12 12 -8 -8 12 9 -8 -8 -16 -16 -16 -16 -16 -16 -16 -16 
10 4 0 0 -7 -12 0 0 0 0 0 0 0 0 0 0 
-14 -16 0 0 -12 -7 0 0 0 0 0 0 0 0 0 0 
-12 -5 0 0 24 40 24 40 0 0 0 0 24 40 24 38 
0 8 0 8 24 28 24 28 0 4 -4 -1 8 31 -4 4 
32 32 32 32 -12 -2 -16 -8 48 48 34 36 0 0 -12 -8 
-6 -8 -16 -16 -8 -12 -8 -12 -12 -12 -18 -13 0 0 -3 0 
-36 -40 -31 -36 -40 -40 -36 -36 -2 0 12 16 0 0 16 16 
-8 -2 -24 -24 -28 0 -73 -16 -68 -68 -180 -180 -147 -135 -256 -244 
-4 -4 -17 -14 -4 4 -3 8 39 40 88 105 108 164 132 225 
12 8 12 8 -12 -12 -9 -12 3 4 -44 -48 1 -12 -46 -59 
-15 9 -30 -21 12 -78 -80 -131 -92 -158 -265 -326 -190 -174 -302 -276 
-48 -91 -23 -72 -131 -123 -101 -82 30 -8 51 36 -35 -23 13 25 
-1 2 17 26 16 9 39 18 15 17 28 24 20 11 32 30 
-20 -32 -11 -19 -32 -26 -14 -12 4 2 22 18 2 -6 12 9 
-16 -24 0 -8 -38 -52 -28 -40 8 0 20 12 -20 -32 -8 -14 
-58 -67 -53 -61 -63 -55 -64 -57 -51 -56 -34 -45 -52 -48 -39 -35 
-11 41 -28 1 70 61 75 93 -18 -17 -1 -6 19 91 -7 34 
59 12 88 86 -27 -46 62 15 55 56 8 40 68 66 58 60 
24 24 27 28 24 24 28 28 -36 -36 0 -2 -36 -37 -7 -11 
38 69 38 80 37 -15 85 21 24 50 -36 -33 52 23 -21 -38 
9 -7 37 8 -48 -60 -52 -64 68 12 68 11 -52 -64 -52 -64 
-22 -32 -24 -32 -48 -48 -48 -48 -24 -32 -20 -28 -48 -50 -55 -76 
0 0 4 4 11 8 16 20 -6 -8 -66 -80 17 32 -41 17 
4 0 14 8 -24 -33 -16 -24 40 40 44 44 34 29 44 42 
-14 -20 8 5 -23 -10 4 7 -24 -34 -2 -4 -36 -40 -4 -8 
-40 -24 -39 -24 0 8 -8 2 -34 -32 -23 -28 -34 -34 -44 -48 
32 32 23 24 32 32 28 30 -8 -8 -32 -32 -8 0 -32 -16 
60 52 56 52 21 -15 48 18 32 34 24 33 40 43 45 49 
-16 -24 -12 -24 -52 -56 -54 -56 14 -15 38 12 -36 -32 -21 -21 
-7 -3 -5 4 0 0 4 4 20 25 34 48 29 32 48 48 
8 8 4 2 8 8 0 0 36 30 56 48 12 5 25 17 
8 8 -4 -8 8 8 -8 -8 -10 -16 -4 -16 -16 -24 -19 -26 
-26 -4 -38 -25 8 26 -7 13 -65 -58 -79 -75 -45 -27 -59 -38 
12 4 32 24 -19 -34 3 -4 8 8 16 12 6 0 8 4 
-8 -4 18 22 2 0 24 20 10 8 10 4 14 2 1 -8 
-22 -28 -29 -40 -28 -29 -40 -40 -46 -60 -52 -64 -60 -60 -64 -64 
-8 -12 -16 -16 -16 -16 -16 -16 -16 -16 -16 -13 -16 -8 -2 9 
-8 -4 -16 -12 12 34 8 32 -23 -8 -24 -8 24 32 23 32 
8 16 4 8 16 16 8 7 -14 -12 -16 -16 -24 -24 -32 -32 
8 12 -12 -8 28 48 8 34 -28 -24 -46 -44 -8 21 -25 7 
32 36 36 48 36 36 48 48 33 48 27 40 48 48 44 44 
0 -6 20 12 -24 -28 -8 -6 24 16 2 -6 -4 -4 -18 -16 
-13 -12 4 4 -12 2 4 12 7 8 -4 0 8 12 0 2 
19 28 25 32 16 15 16 16 13 16 9 16 16 24 16 22 
-7 10 15 37 32 87 82 125 40 68 44 73 104 136 96 120 
-11 -8 8 4 20 39 24 40 16 4 8 -4 10 24 -4 -10 
24 64 24 64 84 81 80 70 -6 39 -60 -23 56 52 -3 2 
-74 -101 -77 -105 -101 -112 -96 -109 -55 -76 -44 -56 -70 -84 -56 -68 
3 0 0 0 0 0 0 0 -16 -16 -18 -16 -16 -16 -16 -16 
0 3 0 4 14 33 20 34 -16 -12 -16 -12 4 24 10 32 
42 98 41 76 112 120 104 120 31 39 28 32 67 119 33 74 
9 15 12 20 30 36 40 48 12 24 14 30 48 48 50 56 
24 16 32 25 -1 -4 7 4 32 34 24 27 26 24 28 28 
4 -4 20 12 -24 -29 -8 -17 32 24 34 26 4 -8 7 -2 
-36 -40 -40 -48 -40 -41 -48 -48 -40 -48 -41 -52 -48 -48 -48 -48 
-22 -23 -32 -32 -20 -20 -32 -32 -32 -32 -32 -32 -48 -48 -54 -70 
8 8 0 1 8 3 4 -1 -20 -17 -78 -84 -2 4 -60 -52 
2 -6 -2 -7 -12 -10 -10 -12 16 19 -28 -20 35 28 15 49 
0 4 1 8 20 26 24 46 37 44 76 96 64 91 130 140 
2 -20 29 8 -41 -28 -3 -11 55 42 39 21 28 12 11 -22 
-16 0 -9 0 0 4 0 0 2 0 2 -3 0 0 0 0 
6 8 0 0 8 12 0 8 0 0 8 8 0 8 16 20 
-2 4 -4 0 10 16 0 8 -4 0 1 4 0 8 4 8 
5 -4 -4 -2 8 16 0 8 -4 0 -17 -11 -7 3 -13 -10 
6 16 -4 4 24 32 16 24 -10 0 -15 -9 7 24 1 14 
0 0 0 1 16 30 23 37 12 16 12 16 17 20 16 16 
52 64 44 56 64 64 56 56 24 36 20 32 36 36 32 32 
32 24 32 24 3 7 7 10 8 6 0 0 1 -3 0 -4 
28 23 22 25 16 28 32 40 -14 -16 -20 -22 4 12 -8 0 
41 -15 54 54 -120 -266 40 -4 15 16 0 0 16 13 0 0 
57 84 3 13 158 172 20 22 5 10 0 8 36 44 40 48 
5 -4 20 24 -29 -159 -18 -351 -40 -39 -32 -32 -25 -84 -32 -35 
-126 -283 -239 -173 -331 -132 -244 -205 20 34 -68 -80 -38 -76 -47 -45 
0 6 76 35 29 100 39 113 -55 -70 -61 -149 -76 -87 -176 -194 
-60 12 -69 16 24 24 34 36 -59 24 -45 26 52 68 56 72 
-16 -19 12 12 -51 -80 0 -50 12 12 24 24 -18 -35 -4 -16 
-48 -48 -38 -40 -48 -48 -40 -42 12 4 32 24 4 4 24 24 
-16 -16 -11 -16 -16 -16 -16 -16 35 4 72 69 -5 -5 64 51 
-8 -16 -6 -12 -16 -16 -12 -8 14 8 43 32 8 8 32 32 
0 0 4 4 0 0 4 4 20 20 46 48 20 20 45 44 
0 0 0 0 0 0 0 0 9 0 28 8 0 0 2 0 
0 0 0 0 0 0 0 0 0 0 0 0 0 0 0 0 
0 0 0 0 0 4 0 0 0 0 0 0 0 0 0 0 
12 13 0 0 20 28 0 8 0 0 0 -2 0 0 -7 -8 
23 28 0 8 28 30 8 8 -26 -24 -36 -36 -20 -24 -36 -40 
16 29 -16 0 47 67 16 36 -3 6 -32 -33 22 46 -17 1 
28 29 20 22 33 36 28 28 2 5 -8 -8 9 12 -8 -8 
-16 -16 -40 -40 -12 -1 -36 -36 -112 -112 -276 -275 -112 -113 -262 -251 
-8 -14 -1 -4 -21 -15 -9 -32 15 6 16 15 1 -26 3 -15 
-6 -17 -104 -137 -103 -217 -197 -232 -98 -155 -60 -100 -196 -214 -132 -148 
-60 -76 -80 -88 -76 -71 -88 -88 1 -8 -16 -24 -8 -16 -24 -32 
2 -6 -30 -29 -17 -17 -12 0 -22 -24 -63 -66 35 107 -40 -6 
7 8 -3 2 8 8 0 -8 21 22 -87 -83 -6 -20 -100 -104 
36 36 30 24 36 36 24 24 50 44 22 20 44 44 20 20 
4 4 -8 -8 -5 -14 -8 -8 12 12 -10 -4 12 12 -4 10 
8 0 0 0 0 0 0 0 0 0 -8 0 0 0 1 6 
-21 2 -19 4 23 55 25 56 -15 5 -4 16 30 64 39 65 
-23 29 -29 -24 54 60 -15 -8 -10 -12 -7 -10 -28 -32 -24 -24 
75 74 14 8 60 48 -12 -23 -29 -36 -32 -40 -56 -67 -54 -62 
-67 -82 -117 -126 -77 -94 -127 -134 -128 -138 -103 -116 -141 -145 -122 -121 
-16 -19 -75 -56 4 0 3 4 -91 -38 -84 -20 22 24 46 52 
14 4 4 4 -54 -176 -67 -184 12 15 18 20 -26 -134 24 -12 
-7 -6 -15 -25 -9 83 -44 35 -37 -63 -10 -46 -69 0 -70 -61 
-2 0 -11 4 0 0 4 12 5 16 24 20 16 16 16 16 
17 20 36 36 20 17 36 31 25 28 4 4 28 27 4 4 
-1 -10 10 -6 -36 -48 -27 -36 16 12 16 16 6 4 16 20 
-60 -56 -36 -32 -40 -14 -16 12 4 12 32 40 40 66 68 94 
45 56 53 68 61 63 74 81 72 83 87 101 86 93 103 108 
28 13 44 19 -13 -20 6 -10 52 38 68 38 18 2 25 23 
-2 5 2 6 8 18 12 22 4 4 12 15 6 25 26 35 
48 48 60 62 14 8 27 16 60 66 60 68 32 -7 44 -3 
34 -2 89 48 -36 -54 -27 -52 104 64 111 69 2 -14 16 -5 
-34 -24 -30 -14 0 24 1 24 6 28 16 40 16 28 38 30 
8 -4 8 -8 -20 -29 -28 -36 18 -8 30 -6 -28 -32 -28 -32 
-12 -26 -24 -40 -41 -49 -60 -64 -24 -32 -24 -32 -56 -64 -56 -64 
-30 -32 -32 -32 -32 -32 -32 -32 -32 -32 -32 -32 -32 -16 -32 -16 
-16 -5 -8 8 29 40 48 60 23 48 26 55 88 99 93 107 
2 14 -6 6 33 47 25 36 -5 5 -10 -4 19 33 9 16 
0 -8 6 -4 -28 -36 -24 -33 30 16 35 18 -4 -10 4 -4 
-52 -55 -54 -60 -32 11 -63 -22 -32 -40 -24 -32 -48 -40 -48 -40 
22 22 -6 0 25 25 1 3 -25 -11 -36 -30 -11 -5 -22 -17 
2 -2 -6 -9 10 24 8 24 9 10 2 8 16 20 8 6 
9 12 -4 0 12 14 0 0 -13 -12 -54 -56 -12 -12 -52 -50 
0 0 -16 -16 0 18 -14 4 -32 -24 -40 -25 4 20 3 20 
-12 4 -15 0 10 21 0 8 -12 0 -13 -4 0 0 -4 8 
6 10 -12 -8 16 15 0 -1 -30 -22 -18 -6 0 14 49 68 
-56 -34 -80 -56 -1 31 -19 17 -35 -8 10 38 34 68 79 101 
11 27 -7 20 27 12 15 -5 -5 9 -5 3 13 -13 -4 -27 
-32 -32 -32 -32 -32 -32 -32 -32 -32 -32 -28 -36 -32 -34 -36 -45 
-16 -4 -16 -8 32 54 23 62 -46 -52 -91 -102 -42 14 -58 5 
2 0 2 0 0 13 0 0 -3 0 -10 4 0 0 8 14 
2 12 -31 -24 28 40 -8 4 -31 -24 -8 -1 -8 0 12 22 
48 49 0 -4 52 46 -4 -6 -18 -28 4 -6 -45 -48 -21 -24 
2 -10 -56 -66 -29 -37 -84 -80 -16 -18 8 8 -23 -18 8 21 
-3 -8 -22 -15 0 0 0 0 -22 -14 30 44 8 -21 17 -30 
0 -8 22 -10 -49 -109 -99 -152 -101 -303 -458 -1023 -652 -686 -1177 -1146 
104 98 72 61 163 203 110 219 -390 -309 -592 -200 62 389 369 527 
35 55 -26 -2 63 94 13 36 -12 -6 25 45 7 29 50 64 
15 57 -33 -14 72 49 -10 -16 -56 -57 -48 -57 -40 -19 -53 -67 
-52 -285 -3 -214 -327 -183 -418 -460 86 -14 80 -2 -57 -170 -36 -68 
-51 -20 -234 -46 -8 18 -8 21 -118 -43 -24 -18 0 24 12 32 
58 63 36 45 79 80 68 76 11 34 -13 26 62 70 45 69 
0 0 -8 -8 0 -3 -2 8 35 36 59 68 52 83 88 96 
-18 -20 29 32 -16 -4 34 33 12 12 11 2 5 -2 -17 -29 
-26 -16 -8 -12 -16 -2 -12 -4 15 4 24 16 4 10 16 16 
-8 0 -10 0 0 8 0 8 -3 0 -4 -4 0 8 0 6 
0 16 0 16 16 12 16 12 0 16 -1 12 16 16 13 16 
-8 -16 -6 -12 -16 -16 -12 -12 12 8 20 24 8 12 24 24 
-2 -3 3 4 0 0 4 4 20 20 32 32 20 20 32 32 
0 0 4 4 0 0 4 4 20 20 40 40 20 20 46 48 
-16 -8 -4 1 24 32 24 32 8 10 24 24 28 32 32 32 
0 0 0 0 0 -8 -6 -14 0 -8 10 6 -25 -36 -13 -31 
-8 -16 -14 -24 -38 -44 -56 -58 -35 -44 -40 -48 -76 -76 -80 -80 
12 -20 4 0 -48 -102 0 -14 0 0 0 0 0 0 0 0 
-68 -12 3 4 0 8 4 11 28 24 32 32 24 28 38 40 
24 24 24 24 14 8 18 15 28 32 30 32 36 40 40 48 
-20 -24 -8 -16 -24 -24 -16 -16 23 -15 48 23 -16 -20 4 1 
-24 -24 -20 -22 -24 -31 -16 -20 -38 -41 -20 -26 -24 -8 -12 -4 
-29 -36 -2 -10 -40 -36 -16 -16 24 16 40 32 -8 -20 -2 -26 
30 28 44 36 15 9 14 6 26 18 18 12 -5 -19 -11 -26 
19 2 20 13 -13 -16 -4 -4 6 40 1 55 49 48 78 80 
-8 -8 11 12 -8 -8 12 9 44 44 72 73 44 43 74 68 
16 16 26 22 16 12 16 12 58 48 77 56 8 0 3 -8 
-8 -20 -8 -24 -36 -40 -44 -48 -16 -39 -36 -62 -68 -80 -83 -95 
-4 -4 -24 -26 -4 -14 -31 -36 -76 -88 -97 -120 -113 -120 -146 -158 
-8 -15 -30 -38 -11 -8 -42 -44 -12 -18 -44 -52 -44 -44 -84 -92 
16 16 -20 -20 16 16 -20 -20 6 8 -14 -20 8 8 -20 -20 
-24 -22 -40 -40 -3 39 -39 -6 -72 -72 -88 -88 -68 -68 -95 -96 
93 114 15 16 119 128 16 40 0 0 -20 -20 0 24 -20 -18 
-21 -9 7 32 -6 -1 36 40 13 42 9 24 50 50 26 35 
-36 -36 -8 -19 -36 -62 -24 -37 4 -10 8 8 -12 -13 8 16 
-76 -88 -23 -28 -70 -45 -12 16 18 20 74 92 36 56 108 128 
9 20 -18 0 40 44 32 38 -49 -31 -57 -41 3 16 -13 4 
-8 -16 -8 -16 -16 -8 -14 0 -16 -12 -8 -2 4 24 20 45 
-2 8 15 32 23 43 48 70 49 72 75 104 100 120 131 145 
30 40 30 47 41 48 44 56 40 49 45 49 48 53 53 59 
24 40 25 38 39 53 40 48 13 24 11 24 22 38 26 43 
4 -1 -7 -8 3 5 4 17 3 4 9 17 24 28 40 43 
-18 -24 38 44 -27 -29 36 33 36 30 39 28 12 11 -21 -32 
-2 -8 45 36 -8 -6 36 37 44 42 3 9 38 34 10 10 
-20 -14 35 26 4 7 5 -3 21 8 -2 -16 -33 -44 -57 -80 
-2 -4 28 20 -4 -11 20 10 32 32 32 32 32 27 32 38 
-45 -67 -30 -44 -85 -132 -44 -49 0 -8 63 69 -8 -14 72 61 
-17 -22 -4 -10 -46 -54 -40 -64 -3 -16 16 2 -36 -40 -16 -20 
-36 -40 -24 -48 -32 -32 -30 -28 60 9 149 103 -8 -8 33 20 
0 0 0 3 1 22 29 53 -16 -10 0 8 38 98 60 127 
30 41 37 54 59 92 70 90 60 73 75 87 92 111 96 104 
-4 16 10 20 24 32 26 43 42 40 60 48 44 48 48 48 
-5 -25 34 41 -25 -1 71 84 22 32 16 24 64 67 54 56 
-5 -25 34 41 -25 -1 71 84 22 32 16 24 64 67 54 56 
0 0 0 0 0 0 0 0 0 0 0 0 0 0 0 0 
0 0 0 0 0 0 0 0 0 0 0 0 0 0 0 0 
0 0 0 0 0 0 0 0 0 0 0 0 0 0 0 0 
