944 944 944 944 944 944 944 944 944 944 944 944 944 944 944 944 
0 0 0 0 0 0 0 0 0 0 0 0 0 0 0 0 
0 0 0 0 0 0 0 0 0 0 0 0 0 0 0 0 
0 0 0 0 0 0 0 0 0 0 0 0 0 0 0 0 
0 0 0 0 0 0 0 0 0 0 0 0 0 0 0 0 
0 0 0 0 0 0 0 0 0 0 0 0 0 2 0 -4 
0 0 0 0 0 0 0 0 7 3 -66 -79 -23 -33 -141 -229 
0 0 1 -13 0 0 -14 -8 -55 -82 -110 -207 -123 -193 -323 -410 
8 8 -12 -12 8 8 -12 -12 -69 -68 -172 -184 -68 -56 -187 -191 
0 0 1 -10 0 0 -6 -8 53 37 -165 -316 22 88 -310 -208 
0 0 0 -4 0 0 -11 0 -55 9 127 230 18 74 352 448 
16 16 16 16 16 16 16 16 -8 -8 -13 -19 -8 -3 -21 -24 
16 16 22 16 16 16 18 8 -21 -86 -106 -201 -100 -156 -307 -398 
16 16 19 14 16 16 19 8 42 -21 -105 -187 -30 -84 -236 -160 
16 16 -5 -12 16 16 6 16 6 -57 104 186 -87 -160 189 112 
16 16 16 16 16 16 16 16 4 -66 -15 -98 -67 -65 -127 -128 
16 16 16 16 16 16 16 16 -5 67 -2 86 110 178 187 306 
16 16 16 16 16 16 16 16 49 143 61 131 202 215 62 30 
16 16 17 18 16 16 11 8 82 111 -103 -176 88 91 -213 -203 
16 16 17 5 16 16 6 8 154 182 -130 -125 191 194 -125 -126 
16 16 16 16 16 16 20 20 -30 -40 22 34 -73 -75 115 134 
16 16 6 19 16 16 20 20 76 79 61 46 75 74 -7 -11 
16 16 5 5 16 16 12 16 44 41 85 80 35 44 23 3 
-16 -16 -15 -24 -16 -16 -26 -24 17 -32 -127 -211 -3 6 -235 -242 
-16 -16 -16 -16 -16 -16 -24 -24 9 4 -30 -44 8 0 -40 -32 
-16 -16 -25 -8 -16 -16 -8 -12 5 25 87 202 8 5 259 277 
-16 -16 -24 -22 -16 -16 -22 -24 19 40 133 238 49 21 356 422 
0 0 -18 -3 0 0 4 -6 -37 -48 -157 -166 -24 -2 -232 -267 
-16 -16 -12 -12 -16 -16 -16 -16 -19 -30 -14 -20 -50 -51 -1 17 
-16 -16 -16 -16 -16 -16 -12 -12 -8 -8 59 77 -8 -8 162 173 
16 16 16 16 16 16 10 8 6 8 -59 -24 -9 -12 -15 -16 
-32 -32 -32 -32 -32 -32 -32 -32 -16 -16 -16 -26 -16 -16 -17 -20 
0 0 0 0 0 0 0 0 0 0 -8 -5 0 0 6 12 
0 0 0 0 0 0 0 0 0 0 15 4 0 0 4 4 
0 0 0 0 0 0 0 0 0 0 -3 -10 0 0 -3 0 
0 0 0 0 0 0 0 0 0 0 -7 -2 0 0 -3 -11 
0 0 0 0 0 0 0 0 0 0 1 -3 0 0 7 12 
0 0 0 0 0 0 0 0 0 0 0 6 0 0 -7 -9 
0 0 0 0 0 0 0 0 0 0 4 4 0 0 -2 11 
16 16 16 16 16 16 16 16 16 16 14 10 16 16 23 28 
16 16 16 16 16 16 16 16 16 16 20 21 16 16 19 16 
16 16 16 16 16 16 16 16 16 16 16 16 32 32 32 32 
16 16 16 16 16 16 16 16 32 32 32 32 32 32 32 32 
16 16 16 16 16 16 16 16 32 32 32 32 32 32 32 32 
16 16 16 16 16 16 16 16 32 32 32 32 32 32 32 32 
16 16 16 16 16 16 16 16 32 32 32 32 32 32 32 32 
16 16 16 16 16 16 16 16 32 32 32 32 32 32 32 32 
4 4 28 28 4 4 28 28 32 32 32 32 32 32 32 32 
4 4 20 20 4 4 20 20 32 32 40 40 32 32 40 40 
16 16 16 16 16 16 20 20 32 32 40 40 40 44 48 48 
32 32 35 36 32 32 36 36 52 52 64 64 52 52 64 64 
0 0 0 0 0 0 0 0 16 16 16 16 16 16 16 16 
0 0 0 0 0 0 0 0 16 16 16 16 16 16 16 16 
0 0 0 0 0 0 0 0 16 16 16 16 16 16 16 16 
0 0 0 0 0 0 0 0 16 16 24 24 16 16 24 24 
0 0 0 0 0 0 0 0 16 16 24 24 16 16 24 24 
0 0 0 0 0 0 0 0 16 16 24 24 16 16 24 24 
0 0 0 0 0 0 0 0 16 16 24 24 16 16 24 24 
0 0 0 0 0 0 0 0 16 16 24 24 16 16 24 24 
0 0 0 0 0 0 0 0 16 12 24 24 1 0 32 36 
0 0 0 0 0 0 0 0 0 0 32 32 0 0 32 32 
0 0 0 0 0 0 0 0 0 0 32 32 0 0 32 32 
0 0 0 0 0 0 0 0 0 0 32 32 0 0 32 32 
0 0 0 0 0 0 0 0 0 0 36 36 0 0 36 36 
0 0 0 0 0 0 0 0 0 0 32 32 0 0 32 32 
0 0 0 0 0 0 0 0 0 0 32 32 0 2 32 31 
0 0 0 0 0 0 0 0 14 16 24 24 16 16 24 24 
0 0 0 0 0 0 0 0 16 16 24 24 16 16 24 24 
0 0 0 0 0 0 0 0 16 16 24 24 16 16 24 24 
0 0 0 0 0 0 0 0 16 16 24 24 0 0 8 8 
-16 -16 -16 -16 -16 -16 -16 -16 0 0 8 8 0 0 8 8 
-28 -28 -4 -4 -28 -28 -4 -4 0 0 0 0 0 0 0 0 
-28 -28 -12 -12 -28 -28 -12 -12 0 0 0 0 0 0 0 0 
-16 -16 -16 -16 -16 -16 -16 -16 0 0 0 0 0 0 0 0 
-16 -16 -16 -16 -16 -16 -16 -16 0 0 0 0 0 0 0 0 
-16 -16 -16 -16 -16 -16 -16 -16 0 0 0 0 0 0 0 0 
-16 -16 -16 -16 -16 -16 -16 -16 0 0 0 0 0 0 0 0 
-16 -16 -16 -16 -16 -16 -22 -24 -11 -22 0 -11 -38 -40 -20 -20 
-16 -16 -16 -16 -16 -16 -16 -16 -32 -32 -32 -32 -32 -32 -32 -32 
48 48 48 48 48 48 48 48 48 48 48 48 48 48 48 48 
0 0 0 0 0 0 0 0 0 0 0 0 0 0 0 0 
0 0 0 0 0 0 0 0 0 0 0 0 0 0 0 0 
0 0 0 0 -16 -16 -16 -16 -16 -16 -16 -16 -16 -16 -16 -16 
-16 -16 -16 -16 -16 -16 -16 -16 -16 -16 -16 -16 -16 -16 -16 -16 
-16 -16 -16 -16 -16 -16 -16 -16 -16 -16 -16 -16 -16 -20 -16 -20 
-16 -16 -20 -24 -16 -28 -24 -36 -38 -44 -40 -48 -44 -45 -48 -48 
-50 -28 -130 -187 -36 -74 -327 -372 -5 -24 0 0 -7 -11 0 -4 
-6 -20 99 123 -94 -240 172 83 -17 -85 39 39 -143 -141 25 34 
-159 -163 -155 -463 -213 -361 -652 -808 82 135 51 52 98 83 48 45 
29 54 -15 -40 43 -29 37 119 -63 -207 8 10 -257 -249 12 12 
-48 -6 250 352 20 14 427 565 49 213 0 -6 186 59 22 10 
-133 -254 -16 11 -320 -378 10 12 25 5 -54 -99 66 71 -122 -168 
86 57 74 104 38 29 53 -80 12 6 0 -2 -49 -61 -13 -14 
142 237 -92 -206 218 205 -311 -312 -31 -2 -5 -7 18 24 22 28 
-16 -24 50 69 -20 27 150 259 52 53 32 32 54 53 32 32 
-21 -89 136 233 -37 -2 254 241 181 190 -22 -16 205 203 -6 -4 
-7 -25 -52 -199 -56 -65 -295 -432 -17 -29 8 -2 -90 -100 -12 -16 
-68 29 -84 -171 152 344 -164 -58 22 5 -8 -12 -86 -238 -19 -9 
121 99 -36 -155 14 -136 -213 -356 58 -82 -1 0 -84 -175 11 -30 
-55 -38 -158 -166 -125 -200 -16 62 -128 -157 86 99 -174 -173 70 56 
-19 -23 -294 -260 -15 36 -227 31 -509 -202 89 112 120 287 87 30 
11 51 103 73 70 -17 -141 -333 -34 -282 66 179 -486 -689 79 -79 
-94 -183 -12 -76 -290 -289 -50 -46 -269 -175 -82 -396 -54 102 -499 -369 
-29 4 26 -10 54 63 -47 -61 133 161 147 47 164 335 133 328 
-9 -37 63 234 -50 30 533 591 156 307 -46 -28 96 -184 -98 -288 
50 124 308 71 76 158 20 -59 46 -153 -12 -266 -236 -170 -364 -423 
151 166 74 206 94 127 247 72 124 135 -54 -64 178 48 110 83 
-19 291 -283 -128 383 375 -211 -257 -244 -195 -121 -199 -163 -305 -177 -203 
3 -3 -53 -44 2 9 19 22 22 7 -38 -17 -95 -121 24 17 
60 58 -33 -58 33 36 -196 -215 -22 14 -42 56 100 277 117 -11 
-71 -236 -8 -13 -546 -528 -102 -350 123 140 48 44 156 162 31 15 
202 370 -54 59 507 555 250 705 -28 -145 -21 -46 -237 -248 -62 -56 
-88 -68 280 337 -24 8 377 301 89 -15 -95 -84 -67 -74 -97 -171 
35 56 106 116 56 47 112 112 -48 -48 -36 -33 -48 -56 -17 -12 
-47 -28 -66 -331 -48 -28 -498 -697 -86 -101 33 19 -127 -134 -14 -16 
-54 -100 80 -68 -99 -68 -106 46 -74 14 130 202 103 123 116 129 
-69 -213 -64 -219 -167 -152 -78 -49 -33 24 34 -48 23 -60 -63 16 
-89 43 163 205 3 10 7 -11 -80 -78 38 35 -58 -35 37 51 
145 161 72 66 169 226 98 192 36 64 68 92 150 152 183 201 
-60 -57 128 319 -40 -36 432 454 -99 -31 -46 -115 14 32 -87 -65 
8 4 188 190 14 11 252 367 -192 -89 81 165 118 321 96 669 
18 19 -42 3 16 16 16 17 -715 -292 -477 -367 -10 40 -247 -37 
12 12 0 0 12 12 0 0 -4 -4 -16 -11 -4 -4 -16 -16 
12 12 0 0 12 12 0 0 -4 -4 -11 -15 -4 -4 -16 -16 
16 16 16 16 16 16 16 16 0 0 0 0 0 0 6 2 
16 16 16 16 16 16 16 16 0 0 2 11 4 4 20 24 
20 20 32 32 20 20 32 32 20 20 32 32 20 20 32 32 
36 36 48 48 36 36 48 48 36 36 37 49 36 36 46 40 
16 16 32 32 16 16 32 32 20 20 34 38 20 20 32 32 
-16 -16 0 0 -12 -12 0 0 -12 -12 0 0 -12 -12 0 0 
-12 -12 0 0 -12 -12 0 0 -12 -12 0 0 -12 -12 0 0 
-12 -12 0 0 -12 -12 0 0 -12 -12 0 0 -12 -12 0 0 
-12 -12 0 0 -12 -12 0 0 -12 -12 0 0 -12 -12 0 0 
-12 -12 0 0 -12 -12 0 0 -12 -12 4 4 -12 -12 4 4 
0 0 16 16 0 0 16 16 4 4 16 16 4 4 16 16 
0 0 16 16 0 0 16 16 4 4 16 16 4 4 16 16 
0 0 16 16 0 0 16 16 4 4 20 20 4 4 20 20 
0 0 16 16 0 0 16 16 4 4 24 24 4 4 24 24 
0 0 16 16 0 0 16 16 4 4 16 16 4 4 16 16 
0 1 16 16 4 4 16 16 4 4 16 16 4 4 16 16 
4 4 16 16 4 4 16 16 4 4 24 24 4 4 24 24 
4 4 16 16 4 4 16 16 4 4 16 16 4 4 16 16 
4 4 16 16 4 4 16 16 4 4 16 16 4 4 16 16 
16 16 16 16 16 16 16 16 0 0 4 4 0 0 4 4 
0 0 4 4 0 0 4 4 0 0 4 4 0 0 4 4 
0 0 4 4 0 0 4 4 0 0 0 0 0 0 0 0 
-2 -4 4 4 -4 -4 4 4 0 0 0 0 0 0 0 0 
-4 -4 4 4 -4 -4 4 4 0 0 0 0 0 0 0 0 
-4 -4 4 4 -4 -4 4 4 0 0 0 0 0 0 0 0 
-4 -4 4 4 -12 -12 4 4 0 0 0 0 0 0 0 0 
-20 -20 0 0 -20 -20 0 -1 -12 -12 0 0 -12 -12 0 0 
0 0 -6 -12 0 0 -12 -12 0 0 8 8 0 0 8 8 
0 0 -12 -12 0 0 -12 -12 0 0 8 8 0 0 8 8 
-12 -12 -16 -16 -12 -12 -16 -16 -12 -12 0 0 -12 -12 0 0 
-16 -16 -12 -12 -16 -16 -12 -12 4 4 24 24 4 4 24 24 
0 0 0 0 0 0 0 0 0 0 8 8 0 0 0 0 
0 0 0 0 0 0 0 0 0 0 0 0 0 0 0 0 
0 -8 0 -8 -16 -16 -16 -16 0 -8 0 -8 -16 -16 -16 -16 
-16 -16 -16 -16 -16 -16 -16 -16 -16 -16 -16 -16 -16 -16 -16 -16 
16 16 18 17 16 16 16 16 15 16 10 13 16 16 16 16 
16 16 16 16 0 0 0 0 16 16 16 16 0 0 0 0 
0 0 0 0 0 0 0 0 -16 -16 -16 -16 -16 -20 -16 -20 
-16 -16 -20 -24 -16 -16 -24 -24 -38 -44 -40 -48 -44 -45 -48 -48 
-32 -32 -36 -40 -32 -32 -40 -40 -58 -60 -64 -64 -60 -60 -64 -64 
0 0 -8 -8 0 -1 -8 -10 -28 -28 -32 -32 -28 -28 -32 -34 
-52 -56 -62 -64 8 7 -8 -11 -78 -80 -86 -92 -16 -16 -31 -32 
40 40 20 20 40 40 20 20 16 16 0 0 16 16 0 0 
36 29 20 20 31 32 20 20 16 16 0 0 16 16 0 0 
-16 -16 -16 -16 -16 -16 -16 -16 -32 -32 -32 -32 -32 -32 -32 -32 
-8 -16 -16 -16 -16 -16 -16 -16 -32 -32 -32 -32 -32 -32 -32 -32 
-16 -16 -16 -16 -16 -16 -16 -16 -32 -32 -32 -32 -32 -32 -32 -32 
-4 -6 0 0 0 0 0 0 0 0 0 0 0 0 0 0 
0 0 0 0 0 0 0 0 -16 -16 -16 -16 -16 -16 -16 -16 
0 0 0 0 4 8 0 0 -16 -16 -16 -16 -16 -16 -16 -16 
8 8 0 0 8 8 0 0 -16 -16 -16 -16 -16 -16 -16 -16 
8 8 0 0 8 8 0 0 -16 -16 -16 -16 -16 -16 -16 -16 
4 0 0 0 0 0 0 0 -16 -16 -16 -16 -16 -16 -16 -16 
0 0 0 0 2 0 0 0 -16 -16 -16 -16 -16 -16 -16 -16 
0 7 0 0 7 0 0 0 -16 -16 -16 -16 -16 -16 -16 -16 
-3 -2 0 0 -4 -5 0 0 -16 -16 -16 -16 -16 -16 -16 -16 
4 4 0 0 0 0 0 0 -16 -16 -16 -16 -16 -16 -16 -16 
19 16 16 16 8 -43 16 14 0 0 0 0 0 0 0 0 
-24 -208 -10 0 -421 -642 -16 -25 -27 -17 -16 -16 -17 -18 -16 -16 
22 152 0 -8 482 619 -126 -334 -14 -31 -16 -10 -150 -536 -8 4 
-136 -414 -165 14 -749 -938 -40 -159 -115 78 -20 -68 151 107 -60 -24 
-15 117 -18 -330 140 -82 -270 -171 -37 -30 -72 -96 115 419 -271 -746 
74 132 737 663 -239 -280 278 0 636 396 118 60 160 134 -133 -142 
41 8 53 -56 29 -16 97 322 157 340 -13 -233 444 643 -113 503 
12 33 385 16 13 -29 -172 -227 553 517 539 394 165 -119 53 -73 
-66 -21 -156 127 -1 -12 18 -84 -81 24 -135 -146 148 -165 2 -265 
41 8 104 89 28 -8 38 -16 142 139 15 15 65 16 54 89 
-32 -82 0 -49 -105 -84 -86 -60 10 -9 3 -16 -34 -25 -27 -36 
-90 -133 -100 -132 -164 -136 -159 -136 -95 -111 -65 -95 -115 -87 -86 -64 
-2 1 27 34 81 129 35 99 42 45 85 140 61 70 143 137 
-18 -53 -54 -97 -65 -54 -71 -50 2 12 -6 9 45 114 19 6 
37 54 10 36 43 91 119 221 24 19 -27 -71 24 61 -79 -61 
22 3 160 192 43 152 346 204 74 12 -47 -8 69 169 17 58 
141 192 164 237 192 249 301 340 74 122 25 67 64 24 68 101 
-11 -9 -57 -52 -60 22 48 288 -104 -4 -168 -151 99 490 -193 -4 
134 207 -130 -239 310 632 -64 -57 61 542 147 -31 394 -30 -54 -222 
64 202 202 76 221 403 215 463 -84 317 -36 -14 395 41 -51 -55 
705 510 342 268 381 199 140 -88 103 -106 15 -112 -294 -500 -300 -414 
86 48 -73 120 -24 -117 399 345 1 -89 15 247 -54 -20 322 123 
-40 -74 136 14 -338 -410 -118 -376 -445 -523 33 36 -443 -252 65 106 
110 322 -167 -225 405 377 -460 -563 -274 -172 -123 -152 -247 -208 205 511 
31 58 71 67 54 52 135 154 -32 -66 -246 -372 -259 -122 -391 -335 
-8 -8 25 182 -8 -14 109 22 173 -33 -51 -111 -335 -249 19 514 
-17 0 210 308 -4 9 325 455 50 152 -85 -604 129 71 -766 -830 
47 47 209 429 28 24 485 508 -399 -266 469 597 554 742 446 272 
0 0 3 -3 0 0 -1 -6 -253 -130 -1110 -697 -41 -1 -236 -21 
0 0 0 0 0 0 0 6 2 1 31 36 16 22 52 52 
12 12 7 8 12 12 8 8 12 12 24 24 12 12 24 24 
4 4 0 0 4 4 0 4 4 4 20 20 4 12 20 26 
12 12 19 20 12 12 20 20 32 36 41 44 36 36 44 44 
-12 -12 -12 -12 -12 -12 -12 -12 4 4 16 16 4 4 16 16 
-12 -12 -12 -12 -12 -12 -12 -10 4 4 16 16 4 6 16 16 
-4 -4 4 4 -4 0 4 6 20 20 24 20 20 22 20 20 
11 12 20 20 12 12 20 20 36 36 44 44 36 36 44 44 
4 4 8 8 4 4 8 8 16 16 24 24 16 16 24 24 
4 4 8 8 4 6 8 10 16 16 24 24 16 18 24 24 
16 16 24 24 16 15 24 23 32 32 36 36 32 31 36 36 
-6 -8 0 -4 -8 -8 -4 -4 4 0 6 4 0 0 4 4 
-8 -8 -4 -4 -8 -8 -4 -4 0 0 4 4 0 0 4 4 
0 0 4 4 0 0 4 4 4 4 12 12 4 4 12 12 
0 0 4 4 0 0 4 4 -8 -8 -4 -4 -8 -8 -4 -4 
4 4 -4 -4 4 4 -4 -4 -8 -8 0 0 -8 -8 0 0 
4 4 -4 -4 4 4 -4 -4 -8 -8 0 0 -8 -8 0 0 
-12 -12 -20 -20 -12 -12 -20 -20 -24 -24 -16 -16 -24 -24 -16 -16 
-12 -12 4 4 -12 -12 4 4 24 24 56 56 24 24 56 56 
0 0 0 0 0 0 0 0 24 24 48 48 8 8 32 32 
0 0 0 0 0 0 0 0 16 16 20 16 16 16 16 16 
0 0 0 0 0 0 0 0 0 0 4 2 0 0 0 0 
0 0 0 0 0 0 0 0 0 0 0 0 0 0 0 0 
0 0 0 0 0 0 0 0 0 0 0 0 0 0 0 0 
16 16 16 16 16 15 16 16 16 16 16 16 16 16 16 16 
-2 -4 0 0 -16 -16 -16 -16 16 16 16 16 0 0 0 0 
0 0 0 0 0 0 0 0 16 0 32 17 0 0 0 0 
0 0 0 0 0 0 0 0 0 0 0 0 0 0 0 0 
-16 -16 -16 -16 -16 -16 -16 -16 -16 -16 -16 -16 -16 -16 -16 -16 
16 16 16 16 16 16 16 16 16 16 16 16 16 16 16 16 
0 0 0 0 0 0 0 0 0 0 0 0 0 0 0 0 
0 0 0 0 0 0 0 0 0 0 0 0 0 0 0 0 
-16 -16 -16 -16 -30 -32 -26 -32 -16 -16 -16 -16 -16 -30 -17 -24 
-16 -16 -16 -16 -16 -16 -16 -16 -16 -16 -14 -16 -16 -16 -16 -16 
-32 -32 -32 -32 -32 -32 -32 -32 -32 -32 -32 -32 -32 -32 -32 -36 
0 0 -16 -16 0 0 -16 -16 -16 -16 -24 -32 -16 -16 -32 -32 
-16 -16 -16 -16 -16 -16 -16 -16 -16 -16 -16 -16 -16 -16 -16 -16 
-16 -16 -16 -16 -16 -16 -16 -16 -16 -16 -16 -16 -16 -16 -16 -16 
-16 -16 -16 -16 -16 -16 -16 -16 -32 -32 -32 -32 -16 -16 -20 -20 
16 16 16 16 16 16 16 16 0 0 0 0 0 0 0 0 
16 16 16 16 16 16 8 8 0 0 0 0 -12 -13 -16 -16 
0 0 -4 -8 0 0 -8 -8 -26 -28 -32 -32 -28 -28 -32 -32 
0 0 0 -8 -4 -4 -30 -32 -24 -26 -36 -36 -46 -48 -48 -48 
24 24 0 0 24 24 0 0 -16 -16 -16 -16 -16 -16 -16 -16 
24 24 0 0 24 24 0 0 -16 -16 -16 -16 -16 -16 -16 -16 
28 28 0 0 28 28 0 0 -16 -16 -16 -16 -16 -16 -16 -16 
20 20 -8 -8 20 20 -8 -8 -16 -16 -32 -32 -16 -16 -32 -32 
20 20 -8 -8 20 20 -8 -8 -16 -16 -32 -32 -16 -16 -32 -32 
20 20 -8 -8 20 20 -8 -8 -16 -16 -32 -32 -16 -16 -32 -32 
20 20 -8 -8 20 20 -8 -6 -16 -16 -32 -32 -16 -14 -32 -32 
24 24 7 8 24 24 8 8 0 0 -20 -20 0 0 -16 -16 
28 28 16 16 28 28 16 16 0 0 -16 -16 0 0 -16 -16 
24 24 8 8 24 24 8 8 0 0 -16 -16 0 0 -16 -23 
24 27 8 8 25 22 8 8 -5 0 -174 -124 0 0 -216 -279 
36 26 8 8 30 26 8 12 4 -1 39 90 4 9 102 -100 
3 -5 37 33 -22 -133 44 40 35 -5 -87 157 13 19 250 254 
109 -24 -168 -278 -327 -485 -475 -917 15 -27 -6 -99 -18 -88 -81 -75 
-19 -413 -248 -135 -480 -545 -92 -171 -135 -398 24 -67 -936 -1201 -344 -290 
-137 -211 43 9 -136 -131 13 -154 -279 -220 588 486 -395 -535 -167 -492 
-36 -40 -105 -91 -129 -28 92 -66 -156 -74 -15 57 -72 47 254 -94 
107 18 8 183 62 45 120 13 -28 -17 22 22 26 33 24 43 
31 31 16 11 71 12 49 -34 12 -48 15 -45 -76 -86 -80 -101 
-29 -63 -45 -56 -51 -44 -56 -51 -9 23 -13 25 -5 -11 27 24 
-8 42 -25 -72 13 -37 -95 -6 -43 26 -63 26 141 114 96 -110 
-67 -39 -76 -103 -1 -37 -91 -36 204 -12 -115 -149 -87 -35 -179 -123 
-34 -50 53 209 6 23 268 261 -3 93 -24 -27 78 4 -36 -51 
8 -20 3 -46 -56 -110 -93 -145 -3 -46 12 -21 -101 -143 -74 -121 
-24 -54 -151 -147 -56 -44 -149 -136 -112 -118 3 -18 -128 -128 -86 -88 
12 24 -1 12 24 20 12 16 -12 -12 -52 -52 -12 -13 -51 -33 
-4 -48 -6 -1 -45 13 11 4 15 23 23 136 36 44 196 35 
8 -6 -73 -41 28 122 -10 3 -128 -80 42 -72 -101 -108 -60 -63 
39 87 -110 -62 96 381 -9 -2 -244 -197 -195 -163 -156 -129 -132 -93 
-16 4 35 13 -202 -280 12 54 12 48 38 -25 87 134 -4 128 
-61 125 24 52 415 356 134 559 -36 -31 -54 -59 24 79 -63 -110 
364 634 427 193 183 88 292 -19 -12 -135 26 43 -214 -327 -103 -324 
-131 -153 -265 -2 -238 28 110 322 5 79 85 11 137 137 -86 -91 
589 448 829 840 221 64 513 347 168 427 108 11 544 467 345 121 
413 -93 587 447 -533 -148 229 70 523 591 -140 -207 602 502 531 710 
235 92 -23 27 -142 242 288 195 64 305 -160 -16 397 375 120 105 
400 645 340 493 765 932 622 603 103 115 162 156 110 105 156 156 
34 32 35 28 32 34 30 45 40 53 -117 -292 68 52 -212 58 
3 3 1 3 0 -1 0 -1 7 7 16 23 4 3 20 19 
8 8 4 4 8 10 4 4 -4 -4 0 0 -4 -4 0 0 
9 12 8 9 12 16 12 16 8 8 4 10 9 14 10 13 
24 24 24 24 24 24 24 24 24 24 27 28 24 24 28 28 
-8 -8 -8 -8 -8 -10 -8 -10 -8 -8 0 0 -8 -8 0 0 
-6 -8 -6 -12 -8 -6 -12 -6 6 4 16 16 4 6 16 16 
10 18 7 8 15 12 10 16 17 16 20 22 17 16 26 32 
12 12 16 16 12 12 16 16 16 16 24 24 16 16 24 24 
12 12 16 16 12 12 16 16 16 16 32 32 16 16 32 32 
4 2 6 3 -1 -4 0 0 7 4 20 20 4 0 16 16 
-6 -8 0 0 -8 -8 0 0 0 0 16 16 0 0 16 16 
-8 -8 -16 -16 -8 -8 -16 -16 -12 -12 4 4 -12 -13 4 4 
-20 -20 -32 -32 -20 -20 -32 -32 -28 -28 -4 -8 -28 -28 -8 -8 
8 8 0 0 8 8 0 0 4 4 20 20 4 4 20 20 
8 8 0 0 8 8 -4 -4 4 4 32 32 -4 -4 16 16 
8 8 -4 -4 8 8 -4 -4 0 0 8 8 0 0 8 8 
-8 -8 -4 -4 -8 -8 -4 -5 -4 -4 0 0 -4 -5 0 -2 
5 10 5 8 17 22 15 24 8 6 12 9 14 21 16 23 
10 8 12 12 0 0 12 12 16 16 40 40 16 16 34 31 
-7 -17 10 -8 -20 -20 -12 -12 16 12 10 4 8 4 4 3 
8 -2 12 3 -17 -20 -19 -24 -2 -10 0 -4 -25 -28 -20 -20 
-16 -16 -16 -16 -16 -16 -16 -16 0 0 28 26 -16 -16 12 11 
0 0 0 0 0 0 0 0 16 16 23 18 16 16 16 16 
0 0 0 0 0 0 0 0 0 0 8 8 0 0 0 0 
0 0 0 0 0 0 0 0 0 0 0 0 0 0 0 0 
0 0 0 0 -22 -32 -12 -28 16 16 16 16 0 -10 0 -2 
0 0 0 0 0 0 0 0 2 0 12 4 0 0 0 0 
0 0 0 0 -16 -16 -16 -16 0 0 0 0 -16 -16 -16 -16 
16 16 16 16 16 16 16 16 16 16 16 16 16 16 16 16 
16 16 16 16 0 0 0 0 16 16 16 16 0 0 0 0 
0 0 0 0 -16 -16 -16 -16 0 0 0 0 -16 -16 -16 -17 
0 0 0 0 0 -12 -13 -16 0 -13 -8 -16 -16 -16 -16 -16 
-30 -32 -32 -32 -32 -32 -32 -32 -32 -32 -32 -32 -32 -32 -32 -32 
-16 -16 -16 -16 -16 -16 -16 -16 -16 -16 -16 -16 -16 -16 -16 -16 
-16 -16 -16 -16 -16 -16 -16 -16 -16 -16 -16 -16 -16 -16 -16 -16 
-16 -16 -16 -16 -16 -16 -16 -16 -16 -16 -16 -16 -16 -16 -20 -20 
-16 -16 -16 -16 -32 -32 -32 -32 -32 -32 -34 -36 -48 -48 -48 -48 
0 0 0 0 -8 -8 -16 -16 -16 -16 -20 -20 -32 -32 -32 -32 
-8 -8 -24 -24 -8 -8 -16 -16 -44 -44 -48 -48 -40 -40 -48 -48 
12 8 -4 -11 0 -8 -15 -22 -16 -27 -30 -39 -30 -38 -44 -48 
-16 -16 -16 -16 -16 -16 -16 -16 -32 -32 -32 -32 -32 -32 -32 -32 
8 8 0 0 0 0 0 0 -16 -16 -16 -16 -16 -16 -16 -16 
8 8 0 0 8 8 0 0 0 0 -12 -12 0 0 -12 -12 
0 0 0 0 0 0 0 0 -16 -16 -16 -16 -16 -16 -16 -16 
0 0 0 0 0 0 0 0 -16 -16 -16 -16 -16 -16 -16 -16 
0 0 0 0 0 0 0 0 -16 -16 -16 -16 -16 -16 -16 -16 
0 0 0 0 0 0 0 0 -16 -16 -16 -16 -16 -19 -17 -13 
0 0 0 -4 0 0 0 4 -24 -17 34 133 -9 -19 7 -50 
0 0 5 3 0 0 -11 -4 12 92 4 -73 62 61 -151 -118 
-24 -24 -40 -36 -16 -16 -22 -14 -13 -15 -63 25 -12 14 31 -107 
0 0 2 0 0 0 0 8 11 -39 -34 106 -16 -6 -47 -91 
-12 -12 22 8 -336 -306 -397 -746 85 13 -244 -433 -168 -332 -237 -228 
-67 -130 -206 -13 -232 -125 0 124 329 215 147 271 186 470 107 201 
-17 78 61 19 -77 -151 -228 -287 -152 -34 14 195 37 116 102 147 
-124 62 -18 -346 86 73 -563 -403 -180 -841 1 -118 -829 -647 -345 -279 
-50 -308 -162 -320 -359 -405 -286 -439 154 -352 -419 -766 -563 -704 -794 -976 
148 297 -90 -179 832 1018 41 271 -36 -49 -19 -62 -26 -35 4 10 
114 90 304 359 49 96 581 381 -26 174 35 -29 251 -36 -67 -94 
1180 578 502 58 12 -108 11 -24 -31 -83 -30 -164 -152 -91 -278 -90 
-11 3 194 65 11 -67 10 24 56 85 31 -17 32 6 -89 -123 
-21 46 24 -5 24 12 -3 6 -42 -122 -64 -129 -166 -172 -168 -172 
8 -42 -7 -49 -89 -67 -61 -113 -28 -30 -28 -28 -30 -29 -28 -28 
-47 -39 -19 -33 -39 -59 -1 -61 -42 -61 -103 -76 -85 -96 -90 -124 
-64 -75 -73 -73 -52 -10 -56 -19 2 1 -32 -36 -2 -14 -33 -23 
30 55 3 -38 0 -27 -48 -47 -2 -5 22 33 2 13 66 141 
19 3 27 13 -29 -53 -11 -8 -2 -14 37 94 10 19 34 19 
-30 -30 -38 -29 -16 -11 -18 20 -52 -62 -13 -21 -48 -15 -17 -19 
-16 1 127 80 110 110 3 5 21 11 -8 -30 -17 -16 -32 -16 
-71 3 24 9 -10 -91 0 -20 -16 0 -16 -7 33 158 39 68 
129 136 22 54 121 243 12 -16 5 2 30 21 1 3 18 12 
-19 -30 -66 -57 -67 -2 -30 53 -62 -48 -60 -47 -4 4 -45 -53 
45 66 21 -7 80 130 32 105 -41 -22 -104 -70 12 39 24 40 
17 -22 15 1 -53 77 -39 111 -93 -2 -174 -101 -27 7 24 -62 
155 214 30 -6 32 42 -7 92 85 68 -8 39 68 111 74 51 
-53 80 -16 -44 65 -87 -94 -81 -47 -2 -152 -124 10 -27 -15 72 
-10 123 -35 -14 272 247 23 127 -97 -122 -119 -131 -120 -91 -79 -100 
-349 -16 -484 -169 -74 -313 -92 -510 -542 -489 -418 -408 -395 -461 -459 -550 
-225 -111 -268 5 18 282 -210 -244 -340 16 -199 84 -129 40 104 116 
261 -377 -89 10 -675 -665 -170 62 -70 93 -35 110 200 350 449 377 
-507 -742 -349 -255 67 554 -381 -77 -689 -758 -330 -461 -629 -201 -358 -592 
228 216 -320 105 227 218 300 11 240 -108 -392 -31 81 333 26 193 
12 11 -409 10 16 16 24 27 -229 22 -351 -156 51 55 -24 -10 
16 20 16 18 47 6 42 -164 34 -8 -53 -600 -64 -402 -922 -423 
-1 7 -251 -96 -2 -1 -36 10 -238 -215 -33 42 -142 52 70 68 
-13 -12 -18 -16 -12 -12 -16 -16 -12 -12 2 4 -12 -12 0 -3 
-12 -12 -16 -16 -12 -12 -16 -16 -12 -12 -2 1 -12 -12 1 -3 
-10 -2 -9 0 4 8 1 10 0 1 4 11 7 18 20 22 
0 0 8 8 0 0 8 8 27 28 40 44 28 28 44 44 
12 12 16 16 12 12 16 16 16 16 32 32 16 16 32 32 
12 12 16 16 12 12 16 16 16 16 32 32 16 16 32 32 
12 12 16 16 12 12 16 16 16 16 28 28 16 16 28 28 
4 4 8 8 4 4 8 8 16 16 16 16 16 16 16 16 
0 0 8 8 0 -1 8 8 16 16 16 16 16 16 16 16 
-10 -12 -4 -8 -12 -12 -8 -8 0 0 0 0 0 0 0 0 
12 8 10 1 2 -7 0 -9 16 7 20 18 1 0 10 8 
-8 -8 -16 -16 -8 -8 -16 -16 -8 -8 -4 -4 -8 -8 -4 -4 
-16 -16 -16 -16 -16 -18 -16 -17 -8 -8 -8 -8 -8 -11 -8 -10 
-16 -15 -16 -10 -6 1 -11 0 -14 -15 -16 -12 -4 7 -5 2 
20 12 0 -8 -2 -8 -28 -32 -4 -12 -6 -16 -32 -36 -36 -40 
-16 -16 -16 -16 -16 -16 -16 -16 4 4 32 32 -12 -12 20 20 
-4 -4 0 0 -20 -20 -16 -16 4 4 28 28 -12 -10 12 12 
2 -2 12 8 -12 -18 1 -6 36 32 48 42 20 16 34 31 
-7 -12 6 4 -26 -28 -12 -12 26 20 44 40 4 4 28 27 
-4 -4 0 0 -16 -16 -16 -16 16 16 20 16 0 0 0 0 
-16 -16 -16 -16 -16 -16 -16 -16 0 0 0 0 -16 -16 -15 -16 
0 0 0 0 -16 -17 -16 -16 0 0 0 0 -12 -16 -2 -16 
-2 -10 0 -6 -28 -32 -28 -32 16 12 16 16 -14 -32 6 -30 
0 0 0 0 -16 -16 -16 -16 0 0 0 0 -16 -16 -16 -16 
32 32 32 32 32 32 32 32 32 32 32 32 32 32 32 32 
16 16 16 16 0 0 0 0 16 16 16 16 0 0 0 0 
-16 -16 -16 -16 -32 -32 -32 -32 -16 -16 -16 -16 -32 -32 -32 -32 
-16 -16 -16 -16 -32 -32 -32 -32 -16 -16 -16 -16 -32 -32 -32 -32 
0 0 0 0 -16 -16 -16 -16 -16 -16 -16 -16 -16 -16 -16 -16 
-16 -16 -16 -16 -16 -16 -16 -16 -16 -16 -16 -16 -16 -16 -16 -16 
-16 -16 -16 -16 -16 -16 -16 -16 -16 -16 -18 -20 -16 -20 -20 -23 
-32 -32 -32 -32 -40 -42 -48 -48 -40 -48 -40 -48 -64 -64 -64 -64 
-24 -24 -32 -32 -32 -32 -32 -32 -48 -48 -48 -48 -48 -48 -48 -48 
-8 -8 -16 -16 -16 -16 -16 -16 -32 -32 -32 -32 -32 -32 -32 -32 
16 16 16 16 16 16 16 16 0 0 0 0 0 0 0 0 
0 -12 0 -12 -16 -16 -16 -16 0 -12 0 -12 -16 -16 -16 -16 
-16 -16 -16 -16 -16 -16 -16 -16 -16 -16 -16 -18 -16 -16 -32 -32 
-16 -16 -16 -16 -16 -16 -16 -16 -16 -16 -32 -32 -16 -16 -32 -32 
-16 -16 -16 -16 -16 -16 -16 -16 -32 -32 -32 -32 -32 -32 -32 -32 
16 16 16 16 16 16 16 16 0 0 0 0 0 0 0 0 
0 0 0 0 0 0 0 0 -16 -16 -16 -16 -16 -16 -16 -16 
0 0 0 0 0 0 0 0 0 0 0 0 0 0 0 0 
0 2 0 3 0 49 -4 37 -16 -13 -16 -16 -20 10 -14 40 
122 -82 -34 -24 -45 -123 -250 -357 105 -242 108 -50 -206 -299 -190 -80 
-47 -56 -103 30 93 42 85 47 -303 -27 41 -54 -221 -492 -464 -426 
-52 -128 50 1 -287 -466 -101 -497 70 0 -21 -480 -468 -509 -412 -361 
29 -208 -127 255 -244 -164 168 47 -403 -457 -165 -323 -368 -455 -309 -595 
-73 30 -85 -279 -30 -52 -325 -421 155 34 -6 30 595 578 104 373 
80 120 339 182 356 199 246 -280 271 110 10 96 94 -292 -81 -201 
-332 -485 -167 -218 -523 -424 -234 -209 45 58 -10 -203 5 -10 13 -54 
-87 251 -1 -8 299 325 -128 -1 54 30 -57 -124 61 81 -135 -176 
-351 -694 39 -95 -1047 -792 -207 -234 96 -35 -36 -137 -93 -91 -152 -142 
239 117 29 43 10 -127 -54 -96 -211 -112 -243 -247 -28 -108 -248 -192 
5 0 23 16 29 63 30 85 2 27 -26 7 10 37 -13 -44 
57 52 61 -23 -15 -83 -98 -159 33 24 -16 -19 -35 -128 -27 -90 
-105 -104 -126 -119 -53 5 -73 -12 -134 -129 -151 -145 -82 -31 -93 -26 
63 14 25 -7 0 0 -8 -8 -33 -40 -48 -42 -32 -32 -15 4 
0 3 -8 -8 22 28 -10 -16 -18 3 14 37 6 -37 105 85 
28 6 -36 -62 -8 -18 -64 -58 -60 -64 -4 -66 -64 -65 -68 -74 
-4 -8 -16 -9 -16 28 -4 40 -48 3 -67 -2 41 47 17 20 
-10 55 -12 7 103 102 26 -4 -23 -26 -36 -32 -20 -26 -11 20 
34 -12 -107 -154 36 7 -158 -82 -96 -57 -12 36 -50 -19 21 -21 
102 24 52 39 -9 -9 -5 -34 28 5 98 143 34 -21 104 21 
-28 -36 -76 -76 -36 -28 -76 -68 -59 -70 -27 -63 -80 -80 -76 -80 
24 41 -22 -14 99 119 17 36 -45 -35 -58 -37 21 55 3 -15 
74 64 -7 -2 25 16 2 8 9 0 -5 -12 -14 -16 -30 -18 
-4 -5 -12 8 0 -14 37 41 -82 -41 -86 -42 -19 -16 -23 -9 
16 135 213 445 120 -30 522 675 -8 185 60 158 104 -36 106 -44 
16 71 468 48 -31 -40 -175 -73 21 -38 -103 -15 -192 -129 172 196 
-44 57 5 5 91 86 53 128 29 66 -213 19 43 31 322 381 
18 17 19 64 81 -33 172 424 47 74 364 455 142 483 172 344 
-106 -77 -92 -184 25 275 -40 22 212 373 47 161 84 282 343 502 
74 138 78 55 283 312 374 -132 -61 156 -380 -672 294 -175 -608 -248 
208 511 369 407 571 330 445 405 -129 -132 -272 -551 136 537 -173 492 
-372 -49 -3 197 -69 -215 296 -149 543 203 299 33 49 38 -417 -498 
185 210 489 61 104 -307 -572 -521 -343 -583 -216 -32 -287 -250 -205 -460 
-52 -103 43 245 248 42 83 -62 163 370 274 256 54 325 478 -67 
-491 158 70 -501 -227 -320 -237 -335 -172 -511 -534 -609 -651 -338 -838 -477 
-369 -308 -86 -278 -176 211 77 359 -682 -41 -625 -683 574 640 -157 89 
83 96 94 84 88 104 103 112 -145 -368 -635 -707 -127 -413 -683 -509 
12 12 16 16 2 -69 9 -131 87 151 94 -391 220 80 -651 -794 
-29 -6 -420 -116 -109 80 19 156 42 125 -258 -12 223 296 -121 -232 
104 112 91 93 112 112 92 96 -427 -364 177 279 -226 -522 583 616 
30 36 7 -122 37 44 -120 -48 73 -237 -487 -452 -447 -514 -307 211 
48 44 30 20 35 35 -53 -12 210 349 -172 -232 498 500 91 407 
46 48 16 49 48 48 48 48 -73 68 79 80 64 64 80 80 
32 32 48 48 32 32 48 48 -32 -32 -16 -16 -32 -32 -16 -16 
0 0 16 16 0 0 16 16 0 0 16 16 0 0 16 16 
0 0 16 16 -4 -12 11 3 0 0 16 16 0 0 16 16 
-16 -16 0 0 -16 -16 0 0 0 0 0 0 0 0 0 0 
-16 -16 0 0 -19 -20 0 0 0 0 0 0 0 0 0 0 
-4 -4 0 0 -4 -4 0 -1 12 12 0 0 12 10 0 0 
-12 -12 -10 -16 -12 -17 -16 -16 -6 -12 0 0 -12 -12 0 0 
-23 -31 -6 -12 -48 -48 -28 -28 8 8 40 36 -8 -9 18 16 
4 -4 12 8 -24 -28 -10 -12 28 28 72 66 12 11 47 40 
-24 -24 -12 -12 -24 -29 -12 -17 2 0 14 6 0 0 3 0 
-8 -16 8 -4 -28 -32 -11 -19 32 21 48 42 17 10 34 32 
0 0 3 0 0 -4 0 -4 35 14 61 48 16 16 26 24 
8 0 8 0 0 -5 0 -4 22 0 41 10 16 15 17 16 
2 -15 8 -6 -23 -31 -16 -22 24 16 30 25 2 0 14 9 
16 16 16 16 -1 -16 16 -1 28 16 41 24 16 12 16 14 
0 0 1 0 0 -16 0 -16 8 0 12 4 0 0 0 0 
0 0 0 0 -4 -44 -4 -44 0 0 0 0 0 -28 0 -8 
0 0 0 0 -16 -16 -16 -16 0 0 24 16 -16 -16 -10 -16 
0 0 0 0 -16 -16 -16 -16 0 0 0 0 -16 -16 -16 -16 
0 0 0 0 -16 -16 -16 -16 0 0 0 0 -16 -16 -16 -16 
0 0 0 0 -16 -16 -16 -16 0 0 0 0 -16 -16 -16 -16 
16 16 16 16 0 0 0 0 16 16 16 16 0 0 0 0 
0 0 0 0 0 0 0 0 -16 -16 -16 -16 -16 -16 -16 -16 
-16 -16 -16 -16 -16 -20 -16 -22 -16 -16 -16 -16 -20 -38 -20 -40 
-36 -40 -46 -48 -40 -42 -48 -48 -48 -48 -48 -48 -48 -48 -48 -48 
-16 -27 -23 -32 -32 -32 -32 -32 -18 -16 -16 -16 -28 -32 -19 -30 
-16 -16 -16 -16 -16 -20 -16 -20 -16 -16 -8 -8 -16 -16 -16 -16 
-8 -16 -6 -12 -16 -16 -12 -12 10 4 16 16 4 4 16 16 
-16 -16 -16 -16 -16 -16 -16 -16 0 0 0 0 0 0 0 0 
-16 -16 -16 -16 -32 -32 -28 -28 0 0 0 0 -8 -10 0 0 
-32 -32 -32 -32 -32 -32 -32 -32 -30 -32 -12 -12 -32 -32 -12 -12 
0 0 0 0 0 0 0 0 0 0 16 16 0 0 16 16 
0 0 0 0 0 0 0 0 0 0 4 4 0 0 0 0 
0 0 0 0 0 0 0 0 0 0 0 0 0 0 0 0 
0 0 0 0 0 0 0 0 0 0 0 0 0 0 0 0 
0 0 0 0 0 0 0 0 0 0 0 0 0 0 0 0 
0 0 0 2 -8 72 -7 65 0 1 0 49 16 83 -57 -10 
37 88 154 75 -38 -220 -217 -42 50 -161 -70 -194 -392 -123 -346 -394 
42 25 322 156 207 334 281 535 174 55 10 -68 302 262 45 235 
-8 -261 331 196 -153 -327 -34 -63 16 15 -106 -36 13 -301 -162 -286 
-47 -111 132 -7 -30 -92 -101 138 -57 -75 94 137 5 163 -150 -110 
-151 -214 27 -190 -165 -58 -178 -198 146 -131 -133 -120 -53 -242 -160 -260 
-12 11 -15 -68 84 186 -129 -46 73 64 26 -14 44 -31 -38 -53 
144 66 -19 98 -109 -299 71 5 -96 -2 -52 -55 -15 -32 -46 -34 
-49 -119 143 199 -35 -30 160 -7 118 146 30 62 106 55 57 74 
10 -39 -39 -41 -39 -26 -50 -50 -4 4 -65 -57 47 82 1 109 
-15 -51 -15 26 4 84 54 52 65 42 118 80 24 -31 60 10 
-86 -30 -136 -91 12 -2 -56 -53 -130 -92 -122 -96 -88 -40 -74 -10 
7 -1 -44 -78 -8 -36 -86 -91 -50 -101 -49 -94 -124 -147 -122 -158 
4 -55 0 -39 -64 -64 -64 -66 -38 -48 -54 -60 -53 -38 -77 62 
-32 -36 -34 -32 -30 26 -33 49 6 -31 157 112 -53 -7 101 73 
35 64 67 26 98 37 -30 -52 12 -22 83 103 -45 -55 59 -2 
-16 -30 -38 -31 -48 -48 -38 -41 -30 -22 71 19 12 -14 2 25 
-48 -26 -52 -30 -41 41 56 159 -57 -71 -23 -71 -39 -3 -73 -24 
60 150 113 120 159 96 51 -21 5 93 -20 108 49 -29 88 39 
47 36 -6 -10 -21 -32 -24 -27 -24 -39 -63 -92 -40 -35 -142 -152 
-62 -55 1 8 -62 -56 87 166 34 43 -31 -14 54 24 -27 -13 
16 -31 74 13 -38 -57 -39 -50 -26 -36 -48 -50 -48 -36 -54 -51 
-75 -4 34 75 -31 -22 -16 -24 50 2 -32 -31 125 66 148 238 
-48 -44 -139 -123 -40 -28 -18 -74 -136 -214 53 269 -97 94 129 132 
-99 -92 -83 -96 -86 -28 -85 -15 40 61 102 74 13 41 55 126 
-31 -18 -35 3 -25 -29 -20 -32 19 -24 -7 56 20 -22 246 827 
12 82 25 2 186 262 259 483 43 62 248 -23 225 -12 -45 -159 
-93 100 391 311 142 305 669 84 -12 106 -253 -341 155 -26 -173 -22 
10 -282 4 100 -236 63 135 -215 -115 419 -145 -126 -19 -266 -151 -89 
-302 -8 -196 -149 6 -30 24 283 -46 -81 -18 190 198 665 133 353 
83 282 -74 106 134 546 193 481 205 261 545 192 283 411 168 274 
219 -29 189 111 -46 -427 35 -637 238 -60 240 -181 345 -186 -376 -189 
-158 -395 -175 -301 -452 -405 -381 -301 -2 25 229 203 -74 19 -530 163 
11 -232 -171 47 -88 -232 43 47 29 261 238 -80 117 43 34 397 
-347 -409 -159 -189 -303 -298 -208 -303 19 -159 -176 -138 -341 -531 -45 17 
403 265 302 -155 -58 -112 -136 -209 -137 -74 -105 -345 -83 -312 -440 -141 
-59 1 92 216 -116 -165 -116 211 56 124 -183 -338 202 341 -525 -433 
-244 407 168 282 439 185 37 254 -271 -37 -218 14 97 163 -7 191 
89 -310 -74 -105 71 358 36 25 -42 470 337 675 226 3 399 386 
253 324 236 166 41 -96 533 352 295 173 687 1154 425 303 922 923 
27 -91 -130 -383 -309 -175 -621 -691 347 -151 149 -112 -833 -513 -371 -582 
-100 -104 -188 -410 246 47 -95 -199 294 -4 46 -207 -218 -465 -457 -638 
-417 -720 -15 -16 -530 -378 -16 -16 -16 -16 -16 -16 -16 -8 -16 -8 
36 76 32 78 4 4 18 20 48 96 48 96 16 16 16 16 
0 -10 18 6 -12 -12 1 0 16 14 16 16 0 0 16 16 
-12 -12 4 4 -15 -16 -1 -10 0 0 16 16 -15 -16 8 8 
0 0 0 0 0 0 0 0 -12 -12 12 12 0 0 8 8 
0 0 0 0 0 0 0 0 0 0 8 5 0 0 1 0 
0 0 0 0 0 0 0 0 0 0 0 0 0 0 0 0 
0 0 0 0 0 0 0 0 0 0 0 0 0 0 0 0 
0 0 0 0 -14 -16 -10 -16 0 0 0 0 0 0 0 0 
16 16 16 16 0 0 0 0 21 16 32 21 16 16 16 16 
0 0 0 0 -16 -16 -16 -16 16 16 16 16 0 0 0 0 
-22 -26 -16 -16 -38 -63 -16 -20 0 0 0 0 0 -2 0 0 
-10 -12 16 5 -22 -28 4 -9 42 30 60 56 24 19 50 36 
16 15 22 20 -3 -4 4 4 46 40 60 54 24 24 34 32 
8 -9 10 2 -12 -16 4 -10 18 7 36 28 3 -3 18 11 
8 9 6 4 0 -6 -12 -13 20 20 22 16 8 6 3 2 
6 -2 -1 -1 -8 -3 -12 -13 14 8 8 5 -6 -6 -2 -4 
30 22 34 24 4 0 4 0 40 24 46 30 4 0 12 2 
0 0 0 0 0 -4 0 -4 0 0 0 0 0 -4 0 -4 
32 24 32 24 -8 -16 -8 -16 32 24 32 24 -8 -16 -2 -14 
0 0 0 0 -16 -16 -16 -16 0 0 0 0 -16 -16 -16 -16 
0 0 0 0 -16 -16 -16 -16 0 0 0 0 -16 -16 -16 -16 
0 -4 0 -11 -16 -16 -16 -16 0 -1 8 4 -14 -16 -8 -16 
16 16 16 16 0 0 0 0 16 16 16 16 0 0 0 0 
-16 -16 -16 -16 -16 -16 -16 -16 -16 -16 -16 -16 -16 -16 -16 -16 
-32 -32 -32 -32 -32 -32 -32 -32 -32 -32 -24 -26 -32 -32 -32 -28 
-16 -16 -12 -12 -15 -14 -2 -15 0 0 8 8 12 -2 9 -1 
16 8 -31 -2 -6 -4 -9 -6 -52 53 -3 -54 5 6 2 15 
9 12 13 9 0 -4 0 -3 26 7 15 -72 8 0 -8 -4 
-24 -30 -16 -18 -20 -9 1 8 4 14 16 20 40 42 36 39 
-30 -36 10 8 -48 -46 -8 -7 32 28 21 12 20 19 16 16 
-36 -32 -8 -15 -32 -32 -12 -12 18 5 33 34 4 4 27 24 
-24 -24 4 4 -24 -24 4 4 20 20 40 40 20 19 40 35 
-36 -36 -12 -12 -36 -36 -12 -12 2 0 12 8 0 0 8 8 
-40 -40 -12 -12 -52 -52 -24 -24 0 0 0 0 0 0 0 0 
-4 -4 4 4 -4 -5 4 4 20 20 28 28 20 20 28 26 
-14 -16 0 0 -16 -16 0 0 4 4 20 20 4 4 20 20 
-16 -16 -4 -4 -16 -8 -6 -2 3 11 25 49 6 66 38 -82 
19 101 42 105 -81 61 -18 -92 137 82 -153 -179 -111 -193 -261 -496 
-119 127 47 114 90 -112 104 53 -76 -154 -31 54 222 554 272 557 
-168 -231 -184 -73 9 -129 49 -86 -43 -168 -87 -145 -111 -158 -131 -195 
53 142 -213 -6 98 72 73 -219 -35 -96 265 94 -282 -415 -174 -179 
2 59 -286 -162 149 202 34 200 -160 -106 183 210 30 205 161 449 
6 -52 -30 -132 -43 -86 -187 -241 -221 -137 12 57 -68 -124 -9 -76 
40 7 -94 -104 -19 77 60 197 43 107 -13 -79 85 86 -98 -52 
27 -14 9 56 -20 64 81 134 133 96 76 -47 5 34 -72 26 
81 44 51 7 -5 -91 -13 -74 52 -103 32 -3 -137 -54 -105 -114 
-45 -28 22 9 8 117 -21 4 18 -7 -16 71 -24 12 112 120 
106 67 0 -48 36 23 -82 -92 21 -36 -40 -166 -73 -113 -239 -295 
-57 -109 -48 -57 -110 15 2 123 -59 -32 -40 -26 24 109 18 45 
30 -40 36 -54 -51 -40 -65 -54 -22 -37 -141 -56 -84 -84 -91 -92 
-26 -32 -44 -58 -22 67 -53 46 -30 -32 -32 -32 -23 -14 -23 -21 
-70 -15 -81 -12 -27 47 31 104 -200 -24 -183 -76 79 21 -176 -138 
44 -30 73 -33 -10 7 -57 28 49 -60 -72 -85 -71 12 -128 -45 
84 10 44 -22 19 39 25 -31 14 -2 13 -8 14 46 -38 -74 
-12 -18 24 87 105 38 4 -34 41 3 -41 -26 -30 -29 -32 -32 
1 117 15 -4 82 -5 -39 -48 -33 -31 -33 -32 -55 -37 -49 -34 
-61 -58 -47 -46 -57 -52 -34 -30 -48 -20 -42 -14 -15 -22 -8 -21 
2 10 17 20 4 6 20 20 1 0 -8 -16 0 0 -16 -16 
15 4 18 16 12 40 40 70 0 8 -3 17 32 36 32 28 
-30 -25 -32 -27 11 265 5 -7 -43 -28 -63 -40 -10 -2 -9 10 
82 51 -219 -8 -86 -135 -175 -189 -201 -37 -57 -42 -35 71 -27 -22 
36 -100 -36 -70 -36 -10 14 120 -31 -43 -12 -12 -12 126 -21 8 
-156 -147 11 2 -152 -53 190 -32 3 -148 -190 -170 -71 -91 -153 -114 
22 60 -30 108 -21 -17 65 -53 -72 -61 -46 -56 -68 -53 -52 -51 
27 40 -161 -24 112 -3 -24 -111 -58 196 -32 360 697 287 693 748 
-160 150 -250 -250 293 415 -166 -92 -155 15 709 644 -33 -186 268 246 
-37 -51 -6 -309 18 -511 -65 -363 -197 -181 166 -127 -93 162 253 94 
160 -64 -128 731 -483 298 -303 399 558 178 96 -347 -243 18 -594 -157 
330 309 288 165 -34 -397 344 502 -183 350 -48 125 375 341 26 -630 
69 45 390 -55 -408 386 -142 -22 -24 -307 -745 -448 990 973 988 1208 
82 -68 99 712 22 52 628 -259 434 199 76 -433 -373 -608 -593 -744 
-132 284 115 -109 -61 -104 -507 -650 74 4 -10 12 -68 -134 79 57 
-194 -501 -229 -217 -640 -634 -214 -246 -143 -128 -115 -124 -114 -126 -94 -89 
36 -8 5 10 23 72 29 81 -16 -21 -20 -51 -33 -26 -55 -24 
-43 32 -130 -73 -45 233 -79 58 -176 -127 -162 -119 -75 -54 44 -37 
211 645 -266 75 336 626 632 -59 -403 82 -612 -428 404 9 159 -565 
315 628 -95 75 -65 -389 -146 -121 -369 -568 91 109 -603 -531 57 137 
47 234 -564 -423 -153 219 -172 448 -469 -416 -267 -123 350 932 61 367 
-15 -14 -36 -19 -25 -12 -16 -7 11 1 -52 2 9 -162 -600 -1299 
-16 -16 -16 0 -16 -8 -26 -8 -2 538 40 393 153 242 242 870 
-32 16 -29 16 16 16 16 16 -28 17 -498 -62 16 16 5 16 
16 16 16 16 16 16 16 16 32 32 32 32 32 32 32 32 
0 0 0 0 -4 -4 0 0 16 16 16 16 16 13 16 16 
0 0 0 0 -4 -4 0 0 10 4 28 28 4 4 28 28 
-4 -10 4 4 -12 -12 0 0 16 16 30 28 16 7 26 24 
-16 -16 -12 -12 -16 -16 -12 -12 4 4 24 24 4 4 24 24 
0 0 0 0 0 0 0 0 4 4 28 28 0 0 6 0 
0 0 0 0 0 0 0 0 16 16 16 16 0 0 0 0 
0 0 0 0 -14 -16 -10 -16 0 0 0 0 0 0 0 0 
0 0 0 0 0 0 0 0 16 16 16 16 0 0 0 0 
0 0 0 0 0 0 0 0 0 0 0 0 0 0 0 0 
0 0 0 0 -16 -16 -16 -16 0 0 0 0 -16 -16 -16 -16 
-2 -6 0 0 -26 -48 0 -28 16 16 16 16 12 -15 12 -16 
0 0 1 0 -16 -17 -16 -16 16 16 16 16 0 -1 0 0 
10 1 2 1 -10 -16 0 -10 8 0 12 2 -12 -7 -4 -14 
-6 -15 2 -9 -26 -34 -16 -26 8 0 14 3 -14 -20 -2 -13 
0 -15 6 -9 -21 -27 -21 -20 6 0 12 1 -15 -23 -3 -15 
4 0 11 0 13 8 16 16 20 0 26 8 16 16 16 16 
18 4 26 7 -15 -29 -9 -25 32 17 36 20 1 -15 4 -12 
0 0 0 0 -16 -16 -16 -16 0 0 0 0 -16 -16 -16 -16 
0 0 0 0 -16 -16 -12 -12 0 0 0 0 8 8 16 16 
12 6 16 8 -12 -16 -12 -16 16 16 16 16 0 0 0 0 
-3 0 0 -5 0 0 0 0 16 12 28 24 4 12 39 42 
0 0 16 16 0 0 16 16 30 28 -44 -62 26 36 -94 70 
-4 -3 23 15 -3 1 2 2 26 -122 33 -5 -131 -230 107 -396 
20 14 11 -27 -93 -452 -433 -421 -144 238 -7 279 32 -76 29 173 
-165 -84 51 -320 54 79 119 5 -279 -633 -172 -97 -375 -358 -303 -777 
-102 -18 -79 -43 -21 -22 -28 -10 -56 -69 -591 -51 45 88 136 138 
-41 -40 6 9 -80 -110 23 48 87 23 -66 -70 12 22 16 24 
3 43 -2 37 20 53 30 -18 84 93 77 80 92 82 80 80 
-36 -25 7 -45 -9 -16 -42 -4 40 43 48 48 19 -9 48 47 
41 44 37 41 44 44 44 44 32 36 36 44 37 40 44 44 
-6 -8 0 0 -8 -8 0 0 8 8 12 12 8 8 12 12 
0 0 4 4 0 0 4 4 8 8 8 8 8 8 8 5 
4 6 -8 -7 8 7 0 0 -4 -4 0 0 -1 0 2 4 
4 -1 8 4 -4 -4 -4 -4 0 0 4 2 0 0 6 6 
6 19 -8 -6 -17 -132 54 -522 -8 -4 15 8 -9 -110 9 108 
-104 11 -150 127 -35 -129 -120 -68 49 -355 -98 18 -342 -313 -389 -420 
-197 -310 17 -201 -322 145 280 117 -175 -225 -213 -363 299 185 -64 -38 
-61 61 90 44 201 451 104 334 -100 -40 -2 -27 73 173 678 531 
64 -108 -13 -80 -153 -215 -54 -158 144 -14 155 132 147 82 112 -47 
176 106 427 198 83 173 271 6 113 128 58 77 30 -150 -51 -94 
-83 -59 -178 -90 -107 -40 44 -22 -179 -73 50 24 10 -49 -20 -27 
40 -25 10 -32 -69 -78 -22 -38 -62 40 -33 -27 -27 -35 -61 -139 
-63 -105 -98 -72 -130 -103 -210 -158 -45 -79 -82 -134 -96 -192 -85 -151 
153 47 126 58 -5 -4 4 -1 59 -18 -40 -89 -44 -73 -86 -53 
33 93 0 -19 124 124 -32 -37 -24 -23 -44 -48 -36 -31 -51 -46 
84 7 -74 -101 -67 -122 -116 -113 -148 -107 -152 -76 -73 -59 40 -22 
-16 -10 -2 -12 -64 -53 -78 -68 29 32 35 59 -57 -61 -16 -29 
14 42 9 17 12 -32 -16 -26 45 52 63 50 2 -38 -28 -65 
-16 -1 -8 0 14 -16 53 20 -17 -31 -14 -21 -5 9 -17 29 
-26 -7 -9 -40 -3 0 -10 5 -25 -73 -47 -59 -25 -24 -25 -17 
18 152 2 55 85 102 -40 53 -75 -60 -46 -17 -101 -53 -46 -34 
29 -65 -13 -77 -113 -136 -114 -119 -42 -13 -1 41 -40 -56 30 3 
20 20 32 32 36 36 48 48 -16 -16 -16 -16 0 0 0 0 
-4 -1 -16 -15 35 92 -15 45 -32 -30 -32 -32 -16 29 -22 -9 
76 97 115 85 34 -11 -5 -44 18 8 -24 25 -11 -50 62 33 
-12 -16 -24 -24 -16 -18 -16 -16 -32 -28 17 -1 -14 2 5 16 
10 46 -5 23 53 10 98 112 -28 24 -28 16 49 56 42 41 
-71 -74 35 -24 -38 15 -34 26 9 25 -7 32 1 39 41 40 
38 6 24 -10 15 8 -20 88 20 8 9 17 -6 3 30 36 
-7 5 -9 13 -1 -17 -23 -41 -10 10 -1 3 -30 -27 19 36 
-58 -41 -76 -69 -13 37 -44 6 -53 -54 12 42 -16 14 369 104 
-18 -17 -37 -56 123 9 149 169 -60 -65 12 15 -22 158 160 87 
-85 5 -25 -68 97 616 240 237 129 -25 52 -63 79 -3 -44 38 
-36 74 -333 -196 253 282 27 399 -537 -425 -675 -319 74 388 294 763 
-182 -495 -249 -381 -799 -355 -753 -943 -218 -325 227 -320 -89 -469 165 -254 
124 77 355 705 -288 430 -118 970 407 702 206 277 95 859 -337 180 
107 -263 902 637 -53 -627 181 -302 926 285 503 658 -78 -378 49 -362 
-525 -590 -407 -90 194 236 -274 -271 -391 44 -275 -466 -588 -598 -200 -618 
357 40 -61 -186 -104 -223 -285 -293 -114 -305 -247 -117 -251 -283 -336 -387 
-65 -16 -40 10 29 130 104 93 -40 -1 -67 29 20 26 13 -66 
32 -15 -30 -52 -57 -9 -84 -36 9 1 -47 -45 -23 5 36 14 
-9 -8 8 -2 37 40 22 99 8 10 3 -8 40 148 16 61 
-4 86 -18 -60 53 33 61 -14 5 -16 -42 -46 26 53 -10 32 
-38 45 -11 -2 -40 -21 -98 -49 29 14 -35 -58 5 -83 -112 -6 
-25 -41 -85 -109 -15 44 -77 -84 -37 42 -25 25 -39 -2 0 50 
-156 -261 -233 -269 402 531 240 556 131 -7 -142 -317 155 85 -360 146 
124 604 386 666 330 272 362 250 472 1143 -683 -308 605 377 157 544 
-267 -97 -251 -260 36 856 -63 701 -101 -96 -276 -241 -251 -194 116 -270 
404 20 107 -99 -668 -117 418 440 9 471 473 437 723 917 585 511 
0 0 -3 2 0 0 0 0 -16 14 -781 -646 -3 0 -10 0 
16 16 16 16 16 16 16 16 16 16 16 16 16 16 16 16 
16 16 16 16 16 16 16 16 16 16 16 16 16 16 16 16 
16 16 16 16 16 16 16 16 16 16 16 16 16 16 16 16 
0 0 4 4 0 0 4 3 16 16 16 16 16 16 16 16 
0 0 2 0 -16 -16 -12 -12 16 16 16 16 8 8 16 16 
-8 -15 2 -6 -19 -28 -12 -15 16 4 28 18 1 -1 16 8 
0 0 0 0 0 0 0 0 24 20 40 32 2 0 6 0 
0 0 0 0 0 0 0 0 0 0 0 0 0 0 0 0 
0 0 0 0 0 0 0 0 16 16 16 16 2 0 8 0 
0 0 16 16 0 0 0 4 16 16 0 0 0 0 0 0 
0 -15 15 0 -18 -36 -15 -21 0 0 0 0 -2 -2 0 0 
-16 -4 0 -4 -16 -20 -12 -20 12 0 24 0 -12 -16 -19 -16 
24 8 24 8 0 -8 0 -8 32 24 32 24 4 -8 4 -8 
32 20 32 20 16 4 16 4 16 4 16 4 0 -12 0 -12 
14 3 16 8 -15 -23 -12 -20 16 16 16 16 0 -4 0 -2 
1 -8 4 -5 -24 -20 -24 -23 5 -8 7 -5 -16 -10 -17 -13 
24 8 24 8 -8 -20 -8 -20 24 8 24 8 -8 -20 -7 -20 
4 4 40 40 4 4 36 32 64 64 64 64 50 48 56 48 
-42 -44 -18 -24 -44 -44 -24 -24 0 0 16 16 0 0 16 16 
-16 -16 0 0 -32 -26 -13 -14 16 16 40 40 -6 -96 19 -62 
36 35 60 -72 -6 35 -62 -146 -174 -296 -537 -728 -617 -643 -622 -799 
-240 -350 -423 -557 -622 -566 -633 -711 10 80 196 216 -266 -283 -31 52 
-2 503 -2 139 462 169 -185 -389 41 -242 691 669 160 85 482 539 
156 212 -472 -48 -45 95 195 -78 29 -84 69 -230 -370 -259 -191 -175 
-148 43 -123 42 323 371 -41 294 -248 -26 90 -69 140 -93 -24 -43 
-18 49 287 149 135 298 -166 429 190 573 -269 -168 570 523 409 252 
0 0 0 0 0 0 0 0 0 0 0 0 0 0 0 0 
13 216 -20 -19 244 240 57 84 63 -192 -93 -143 -2 59 103 6 
0 0 0 0 0 0 0 0 0 0 0 0 0 0 0 0 
0 0 0 0 0 0 0 0 0 0 0 0 0 0 0 0 
0 0 11 5 0 0 4 4 47 23 -239 -1 20 20 40 39 
0 0 4 4 0 0 4 4 26 24 -14 -11 18 26 34 32 
12 12 19 20 12 14 20 20 36 36 48 48 36 36 48 48 
-28 -28 -12 -12 -28 -28 -12 -12 0 0 12 12 0 0 12 12 
0 0 12 3 0 -3 0 0 4 4 26 24 4 4 24 24 
0 0 12 3 0 -3 0 0 4 4 26 24 4 4 24 24 
-12 -12 0 0 -12 -12 0 0 4 4 24 24 4 4 24 24 
0 0 0 0 0 0 0 0 0 0 0 0 0 0 0 0 
-16 -8 -4 15 40 48 113 61 0 49 31 92 -3 -221 -26 -300 
0 0 0 0 0 0 0 0 0 0 0 0 0 0 0 0 
-26 -77 -113 -185 -35 -42 -225 -9 51 100 50 -163 -39 148 177 56 
220 -330 341 -39 -452 -82 141 256 394 368 43 361 379 363 401 392 
-234 -306 -13 -32 -332 -189 -279 -84 209 136 187 73 -77 14 -240 -469 
0 0 0 0 0 0 0 0 0 0 0 0 0 0 0 0 
0 0 0 0 0 0 0 0 0 0 0 0 0 0 0 0 
0 0 0 0 0 0 0 0 0 0 0 0 0 0 0 0 
0 0 0 0 0 0 0 0 0 0 0 0 0 0 0 0 
0 0 0 0 0 0 0 0 0 0 0 0 0 0 0 0 
