1432 1432 1304 1306 1428 1428 1308 1308 1228 1155 1073 1016 1097 1088 998 1000 
284 276 172 166 256 251 149 152 -20 -18 -96 -92 -7 2 -76 -57 
2 0 0 0 4 4 4 7 57 69 4 51 94 143 140 215 
4 9 -8 -1 31 36 24 28 40 81 138 186 72 72 193 196 
0 0 0 1 0 0 0 0 57 61 38 34 80 84 13 24 
-36 -36 -32 -32 -36 -36 -32 -32 44 44 0 0 44 48 0 -7 
28 20 -39 -36 -10 -16 -49 -52 -13 -8 -41 -43 22 28 -20 3 
-28 -28 -36 -36 -28 -16 -36 -38 32 36 35 40 36 35 44 55 
4 16 -31 -32 16 16 -32 -33 41 44 78 89 44 38 95 110 
28 22 -48 -51 0 -4 -60 -60 -19 -21 117 130 7 16 150 156 
-12 -12 -52 -52 -12 -10 -52 -46 28 28 32 32 28 40 32 36 
22 28 17 24 28 28 24 23 32 36 1 4 36 36 4 4 
-4 -4 -8 -8 -4 -2 -8 -6 4 4 -28 -28 4 10 -28 -24 
10 12 6 8 12 14 8 10 19 20 -17 -16 20 26 -16 -16 
26 28 22 24 28 30 24 26 35 36 -6 -4 36 36 -4 -6 
10 12 -1 0 12 11 0 2 -6 -8 -48 -48 -8 -4 -44 -45 
0 0 10 8 0 0 8 18 7 8 -56 -60 8 11 -60 -56 
4 4 52 60 8 8 60 68 26 28 -49 -48 32 40 -48 -48 
15 16 4 8 16 16 8 8 60 64 23 24 64 64 24 24 
-16 -16 -24 -24 -16 -16 -24 -24 32 32 -8 -8 32 32 -8 -8 
-16 -16 -24 -24 -16 -12 -24 -7 32 32 -5 -4 32 40 -4 -6 
16 20 25 40 20 20 40 40 53 56 -10 -12 56 54 -12 -20 
-20 -20 16 16 -16 -16 12 12 20 16 -101 -115 16 16 -106 -104 
-12 -12 8 8 -12 -20 8 8 4 4 64 64 4 6 64 70 
-44 -52 -4 -4 -52 -52 -4 0 9 12 97 104 12 12 104 104 
8 8 13 16 8 8 16 16 17 17 10 7 31 40 11 31 
12 12 4 4 12 12 4 6 40 40 36 36 40 40 36 36 
-19 -20 -29 -28 -20 -21 -28 -28 8 8 4 4 8 8 4 4 
-34 -36 -42 -40 -36 -36 -40 -36 12 12 20 20 12 18 20 20 
15 12 4 8 12 12 8 10 -4 -4 4 4 -4 -4 4 4 
13 12 7 8 12 11 8 7 -4 -4 4 4 -4 2 4 4 
-2 -4 -4 -4 -4 2 -4 4 10 12 20 20 12 12 20 20 
27 28 19 24 28 28 24 26 12 12 20 20 12 12 20 20 
-3 -4 -9 -8 -4 -4 -8 -11 -20 -20 -12 -12 -20 -21 -12 -12 
-4 -4 -30 -32 -4 -4 -32 -32 -38 -44 -13 -16 -44 -44 -16 -16 
28 28 0 0 28 28 0 -1 -12 -12 16 16 -12 -13 16 18 
36 36 -12 -12 36 36 -12 -17 -18 -24 25 24 -24 -25 24 34 
34 32 -32 -41 32 34 -34 -39 -22 -18 52 60 -23 -21 57 54 
-6 -8 -18 -24 -8 -6 -24 -27 4 0 0 -8 0 3 -8 -6 
-8 -8 -23 -24 -8 -4 -24 -30 2 0 -15 -16 0 2 -16 -24 
-99 -96 -74 -80 -96 -100 -86 -94 34 26 27 11 -24 -34 -36 -44 
-72 -80 -64 -72 -94 -85 -93 -95 -16 -20 -16 -24 -36 -37 -40 -44 
12 0 -24 -43 -8 -26 -52 -72 -12 -32 3 -32 -44 -67 -44 -56 
4 4 -48 -48 4 0 -52 -56 -62 -67 -12 4 -54 -50 41 60 
-48 -52 -38 -46 -44 -52 -44 -50 2 60 72 120 98 104 154 172 
12 4 -43 -48 4 4 -48 -50 43 52 36 48 52 67 50 52 
20 20 -20 -16 20 25 -16 -24 55 64 18 16 64 66 20 12 
32 36 -39 -48 36 36 -47 -42 63 64 -13 -20 58 49 -30 -52 
16 16 -59 -60 16 16 -60 -62 14 8 -79 -90 8 5 -94 -101 
0 0 -14 -16 0 0 -16 -17 -31 -36 -49 -58 -36 -32 -60 -60 
32 32 17 16 32 32 16 16 -5 -4 -28 -30 -4 -7 -40 -38 
48 48 28 28 48 48 28 28 -34 -40 -40 -40 -40 -49 -40 -41 
16 16 -10 -12 16 16 -12 4 -47 -56 -44 -52 -56 -57 -48 -55 
16 16 36 48 16 17 48 49 11 8 -24 -38 8 8 -50 -56 
-12 -11 21 21 -14 -16 18 28 44 44 -20 -18 44 43 -8 6 
-36 -45 48 55 -56 -48 59 74 56 50 38 54 26 26 77 90 
8 12 41 56 12 2 56 58 31 32 -15 -10 32 49 -8 8 
-68 -80 19 20 -80 -81 20 21 62 76 13 24 76 84 40 48 
-16 -16 27 28 -16 -19 28 32 15 16 65 70 16 22 65 65 
-70 -74 9 12 -68 -64 8 8 16 22 14 -1 18 20 -45 -57 
-32 -32 -24 -24 -32 -32 -24 -24 -16 -16 -24 -25 -16 -16 -23 -30 
-16 -16 24 24 -16 -14 24 26 -6 2 -88 -93 2 -10 -91 -108 
22 20 -9 -8 25 28 -4 -4 4 -9 -53 -75 -31 -44 -94 -104 
-20 -20 1 0 -20 -20 0 -5 -57 -64 -29 -40 -64 -71 -40 -42 
-4 0 -2 -8 16 28 -24 -31 -67 -75 -19 -25 -84 -88 -24 -6 
-20 -20 -28 -36 -20 -17 -36 -36 14 8 45 44 8 12 44 54 
16 9 -4 -4 12 14 -9 -8 5 6 36 45 -2 -8 58 73 
22 14 -15 -27 -11 -16 -58 -65 2 2 102 122 -8 -10 158 168 
pdst size is 8, 213 213 213 213 22 14 -15 -27 -11 -16 -58 -65 
-12 -12 -80 -80 -12 -12 -80 -79 -10 -12 20 20 -12 -10 22 34 
-12 -12 -25 -24 -12 -12 -24 -23 3 4 3 15 4 4 20 24 
-12 -12 -27 -24 -12 -11 -24 -23 4 4 34 36 4 -1 36 46 
-11 -8 -18 -12 11 24 17 26 -24 -32 61 68 -28 -26 80 80 
56 68 20 24 68 68 24 34 52 52 -16 -16 53 77 -22 -37 
-12 -12 50 60 -12 -2 60 72 36 48 -52 -56 48 50 -56 -60 
-12 -4 -35 -32 -4 -4 -32 -28 69 72 104 100 72 72 100 100 
12 12 -18 -16 12 15 -16 -6 24 24 49 48 24 26 51 53 
32 32 24 32 32 40 29 28 24 20 53 44 5 4 18 4 
28 40 -4 -4 40 40 -4 -4 -24 -24 -63 -69 -24 -24 -80 -88 
-36 -36 -8 -8 -36 -28 -10 -12 -32 -36 -53 -79 -59 -72 -142 -160 
13 8 -39 -48 -12 -16 -71 -76 -82 -100 -71 -88 -129 -136 -111 -112 
-76 -54 180 182 54 84 172 174 32 26 -68 -64 4 2 -42 -28 
94 104 124 131 122 130 148 147 2 45 -19 23 42 44 20 22 
22 30 27 -18 24 26 -91 -122 21 11 40 32 -16 -38 30 14 
14 24 -70 -76 17 18 -66 -68 -63 -86 46 49 -131 -147 20 15 
-69 -133 -23 13 -238 -279 34 75 -47 -13 -64 -162 47 89 -155 -119 
51 53 126 134 70 76 161 166 6 2 1 13 22 74 58 121 
-143 -128 -46 -55 -83 -69 -58 -52 -7 3 -10 -2 18 30 0 3 
-136 -68 -117 -51 -46 -40 -3 18 -38 18 -82 -38 38 82 -12 22 
-86 -71 -38 -24 16 52 55 78 36 50 -46 -41 124 134 0 8 
18 28 30 40 36 42 40 44 21 24 32 40 24 28 51 52 
16 16 21 24 28 28 40 42 6 8 35 36 24 28 52 58 
-8 -8 15 16 -8 -8 16 16 13 16 41 51 16 24 61 70 
-40 -40 -9 -8 -40 -42 -8 -2 62 68 -24 -12 68 68 -4 -4 
18 16 17 19 24 21 20 20 -8 -46 -21 -50 -59 -56 -50 -48 
-14 -16 -28 -28 -16 -14 -28 -28 -12 -12 -8 -10 -12 -14 -2 4 
6 8 -29 -32 18 34 -24 -16 -34 -36 7 9 -46 -55 8 1 
-28 -28 -16 -16 -28 -28 -16 -16 -24 -24 -34 -36 -24 -24 -32 -36 
15 16 4 4 16 16 4 4 -8 -8 -24 -32 -8 -8 -35 -36 
8 8 -12 -12 8 16 -12 -12 -12 -12 -28 -28 -12 -12 -28 -22 
23 24 -5 -4 24 32 -4 2 -8 -8 -7 -4 -8 -2 -4 -2 
12 16 5 8 16 16 8 16 -8 -4 -4 -4 -4 4 0 8 
-4 -4 2 8 -4 -2 8 8 -6 4 -11 -3 4 4 -4 -4 
-20 -20 -8 -8 -20 -20 -8 -6 4 4 0 0 4 6 0 0 
-28 -28 3 4 -28 -22 4 8 16 16 -8 -8 16 18 -8 -8 
-9 -4 16 20 -4 -8 20 20 32 32 4 4 32 32 8 10 
-28 -34 4 4 -51 -48 -8 -8 32 32 22 24 32 32 25 28 
-8 -8 24 24 -8 -8 24 24 0 0 0 0 0 0 0 0 
-8 -8 24 24 -8 -8 24 24 0 0 0 0 0 0 0 5 
-20 -21 -16 -16 -19 -17 -8 -9 -4 -5 -2 -1 -8 -9 -4 -3 
-16 -16 -12 -12 -16 -16 -12 -12 -12 -12 -4 -4 -12 -12 -4 -4 
-4 -4 -12 -12 -4 -4 -12 -12 -20 -20 -4 -4 -20 -20 -4 -4 
0 0 -12 -12 0 0 -12 -12 -20 -20 -4 -4 -20 -20 -4 -4 
0 0 -12 -12 0 0 -12 -12 -20 -20 -4 -4 -20 -20 -4 -4 
0 0 -12 -12 0 6 -12 -12 -20 -20 -4 -4 -20 -20 -4 -4 
3 4 4 4 4 4 4 4 12 12 20 20 12 12 20 18 
0 0 0 0 0 0 0 0 0 0 8 8 0 0 8 8 
0 0 0 0 0 0 0 0 0 0 8 8 0 0 8 8 
-16 -16 -16 -16 0 -6 0 0 -16 -16 -16 -16 0 0 0 0 
-24 -32 0 0 -32 -38 4 1 -12 -12 -16 -16 0 0 0 0 
-52 -60 -24 -28 -60 -62 -28 -26 0 0 0 0 0 0 0 0 
-19 -21 54 52 -26 -31 28 -13 32 32 32 32 28 19 32 28 
-44 -44 -43 -55 -40 -38 -83 -86 4 -8 8 0 -46 -56 -8 -8 
74 76 27 24 72 80 28 38 64 33 118 57 16 11 23 10 
76 81 36 48 65 68 64 74 -24 7 -25 7 44 60 32 42 
28 29 61 64 -2 2 35 36 35 41 4 -29 26 28 -86 -88 
12 14 36 36 20 15 36 32 -20 -20 -8 -8 -20 -21 -8 1 
2 0 16 8 0 -5 2 -4 -26 -34 23 18 -52 -58 -3 -4 
-30 -48 10 -4 -72 -81 -39 -48 26 15 6 0 -32 -44 -22 -28 
-58 -68 -28 -28 -86 -87 -25 -26 -16 -14 -1 4 -9 -40 -6 -50 
-39 -40 24 28 -32 -38 22 27 -24 -22 -105 -114 -15 -56 -153 -173 
-70 -84 25 24 -89 -92 1 -4 -49 -101 -97 -168 -155 -162 -181 -176 
-20 -20 0 0 -12 -12 0 -5 5 -49 -1 48 -107 -116 67 76 
-10 -14 -48 -65 -26 -41 -97 -160 -32 -40 41 50 -76 -80 57 59 
-14 -59 -127 -193 -97 -106 -232 -240 52 70 -32 -42 127 139 -61 -55 
-34 -31 -56 -70 -7 6 -99 -114 -13 -17 65 61 -13 -13 57 58 
28 36 -106 -128 26 28 -161 -166 -14 -23 -21 -13 -57 -66 18 33 
24 28 -5 -13 44 51 -32 -30 -95 -164 41 3 -207 -209 -5 -16 
-20 -24 20 20 -4 6 8 21 -29 -17 -33 -56 36 55 -103 -104 
42 48 132 156 53 47 206 222 95 107 60 63 156 177 84 114 
-66 -79 -13 -10 -93 -137 21 61 55 102 -23 27 97 94 53 48 
-114 -134 -129 -128 -223 -240 -119 -112 -112 -115 -91 -102 -92 -78 -112 -108 
-36 -11 -14 -15 -13 -18 -15 -22 37 38 -5 4 21 8 22 32 
15 9 -44 -62 -3 -18 -83 -96 -46 -58 19 20 -56 -63 24 24 
-47 -60 -81 -97 -56 -65 -106 -96 -32 -40 28 32 -28 -30 59 70 
-54 -90 31 46 -100 -114 87 120 -55 -62 50 61 -22 16 80 49 
-169 -154 30 35 -107 -91 31 26 47 49 126 109 68 60 96 95 
-1 8 -35 -39 35 51 -21 -12 -55 -56 5 9 -12 12 17 26 
-73 -59 -39 -32 -23 -12 -32 -32 30 32 39 40 19 4 20 15 
44 44 32 33 44 34 38 44 -80 -89 -50 -46 -60 -52 -22 -11 
-46 -66 22 24 -96 -94 16 20 -37 -101 31 -28 -148 -158 -47 -59 
32 43 -8 0 71 78 22 22 -36 -39 -75 -82 -34 -34 -83 -80 
-8 -16 -91 -118 -29 -28 -162 -174 -67 -68 34 57 -74 -128 46 1 
-18 -20 -118 -122 -65 -151 -112 -121 -63 -35 -60 -148 -69 -157 -222 -328 
-48 -89 21 -47 -101 -137 -144 -201 -21 -66 -10 -56 -90 -97 -76 -79 
-55 -54 -117 -128 -63 -62 -147 -152 -58 -52 -19 -16 -44 -56 -16 -16 
10 23 -5 -4 91 111 0 0 -24 -36 -20 -20 -42 -44 -20 -20 
65 64 29 29 20 4 54 68 -48 -49 -1 -2 -42 -43 4 2 
-96 -47 69 134 -8 -21 152 157 -30 -16 -10 -50 14 16 -56 -56 
-44 -66 37 46 -114 -134 107 127 -64 -48 -12 1 18 36 47 60 
-99 -114 56 68 -105 -55 98 160 43 42 -6 1 53 108 45 126 
16 16 8 -2 20 32 -38 -41 -41 -84 -104 -136 -108 -118 -134 -140 
102 115 -5 -4 112 116 4 -1 -64 -80 -86 -114 -84 -84 -155 -164 
29 23 -25 -33 27 14 -41 -38 -49 -50 -21 -8 -38 -7 -17 8 
10 20 -20 -20 24 20 -20 -21 -10 -12 20 22 -12 -12 29 45 
-12 -22 -24 -20 -4 17 8 21 -7 3 64 80 28 40 96 108 
56 96 44 93 135 151 96 89 -42 -42 36 28 -58 -60 3 -7 
71 70 38 28 46 44 14 12 -28 -28 -40 -40 -28 -22 -40 -40 
34 39 -16 -17 32 33 -22 -20 21 24 6 8 24 32 5 8 
16 12 3 4 16 29 4 7 60 68 26 41 91 114 68 102 
72 92 12 9 126 138 23 34 23 17 61 76 48 60 71 92 
48 48 110 118 56 69 135 168 81 84 24 24 85 94 16 5 
-14 10 -9 23 47 55 69 80 -55 2 -28 8 36 48 12 12 
17 52 35 63 56 46 75 61 27 21 -41 -51 33 80 -24 79 
6 4 28 28 4 1 28 28 48 47 135 175 56 93 206 229 
18 17 -62 -58 34 60 -31 11 -104 -82 -107 -71 -58 -30 -59 -76 
5 15 2 12 28 36 28 39 -20 -16 -76 -68 0 18 -39 -17 
12 8 -11 -16 8 8 -20 -16 -25 -26 -88 -79 -44 -40 -50 -34 
-16 -24 -18 -24 -38 -40 -44 -48 -36 -32 -36 -33 -47 -48 -54 -56 
8 8 0 0 8 13 0 0 -16 -16 -16 -16 -16 -16 -12 -4 
1 4 -29 -28 4 6 -28 -20 -29 -28 -10 -8 -28 -22 -2 0 
7 8 -7 0 16 26 16 24 -19 -15 -18 -16 6 16 -6 12 
17 24 4 8 24 24 4 12 -12 -12 8 14 -10 8 32 43 
0 0 -2 1 16 16 18 19 -4 0 -2 -4 12 17 -15 -11 
-16 -16 -14 -16 -32 -24 -24 -29 6 0 -9 6 8 16 10 20 
1 0 -49 -54 -14 -17 -44 -38 29 35 41 50 39 42 48 46 
-62 -61 -56 -56 -48 -32 -44 -36 15 10 3 -2 2 -1 -19 -28 
-18 -16 -24 -20 0 0 0 0 -4 -4 -53 -62 -8 -8 -60 -45 
0 0 0 1 1 24 20 32 0 8 -10 3 32 32 28 28 
0 0 0 0 0 0 0 0 0 0 0 0 0 0 0 0 
0 0 0 0 0 0 0 0 0 0 0 0 0 0 0 0 
0 0 0 0 0 0 0 0 0 0 0 0 0 0 0 0 
0 0 0 0 0 0 0 0 0 0 0 0 0 0 0 0 
0 0 0 0 0 0 0 0 0 0 0 0 0 0 0 0 
0 0 0 0 0 0 0 0 0 0 0 0 0 0 0 0 
0 0 0 0 0 0 -6 -8 0 -2 0 0 -16 -16 0 0 
-2 -4 0 0 -4 -4 0 0 -16 -16 0 0 0 0 0 0 
-4 -4 0 0 -4 -4 -8 -8 -12 -12 12 6 -8 -8 -8 -12 
0 0 0 0 0 0 0 0 4 4 -20 -20 4 4 -20 -20 
0 0 0 0 0 0 0 0 8 6 -5 -6 -3 -7 -15 -10 
0 0 0 -2 32 32 21 22 -24 -31 -28 -32 -13 -8 4 8 
16 16 14 16 16 13 16 12 -12 0 -8 0 0 0 0 0 
8 0 8 1 0 -1 -3 -44 16 16 16 16 19 -1 32 32 
23 -55 -55 -124 -112 -131 -148 -162 19 10 67 79 17 30 80 79 
-83 -91 31 30 -88 -78 32 38 -13 -21 -58 -66 -60 -62 -77 -82 
14 26 68 84 42 44 148 164 -48 -42 -38 -40 -30 -22 -36 -28 
40 40 32 32 44 41 28 26 33 38 35 30 26 -13 -7 -72 
-47 -46 63 60 -34 -17 44 19 30 -1 -52 -66 -61 -77 -48 -38 
20 3 -9 -52 24 -4 -65 -74 -38 -31 -31 -61 -29 -45 -165 -192 
3 -46 -12 0 -63 -99 -65 -111 -19 -18 -104 -42 -33 -53 -31 -41 
41 38 6 -12 37 35 -42 -59 92 33 85 -38 -46 -99 -115 -162 
-58 -44 -36 -44 1 18 -55 -55 -66 -72 -67 -52 -64 -54 66 86 
101 104 12 13 96 85 19 19 41 70 -2 -42 92 93 -79 -82 
57 18 0 0 5 -1 -2 -11 -7 -32 59 35 -42 -49 29 37 
-6 -10 -4 -11 -11 -9 -38 -44 -56 -55 44 50 -50 -40 78 92 
6 -47 -33 3 3 16 16 14 -64 -50 9 26 -40 -36 63 81 
-32 -47 -30 -38 -18 -9 -49 -46 -33 27 59 58 24 28 40 48 
10 31 -14 25 31 37 54 70 38 40 27 22 19 48 67 103 
16 15 29 31 25 30 60 68 41 44 87 88 48 50 84 84 
-16 -11 30 34 20 40 20 16 44 54 58 33 26 7 -41 -132 
-9 -8 14 12 -11 -17 12 22 -80 -88 -80 -84 -88 -89 -84 -78 
68 58 91 89 21 11 54 50 16 14 -75 -64 9 8 -17 -4 
-8 -20 47 42 -23 28 36 74 12 12 -3 -2 20 18 -6 -3 
90 96 76 80 80 80 64 68 13 -13 -31 -58 -45 -48 -78 -80 
28 26 22 28 36 35 39 34 27 27 -15 -18 28 34 -20 -19 
17 10 19 -11 11 -12 -57 -75 35 34 -32 -27 27 21 13 28 
40 27 -32 -29 -61 -64 -7 30 12 16 -1 12 38 58 32 44 
-34 5 69 109 104 119 124 128 15 26 -33 -30 25 15 -16 -12 
23 26 64 64 18 14 68 68 -5 -12 53 55 -33 -40 40 36 
-49 -52 32 24 -35 -28 -7 -10 -36 -44 36 30 -64 -68 22 20 
10 14 -45 -44 10 9 -56 -54 -20 -19 3 3 -14 -12 3 4 
25 23 23 21 22 6 15 12 -36 -36 36 25 -36 -40 -21 -46 
-18 -26 16 19 -27 -60 -1 2 -40 -45 -48 -56 -59 -67 -76 -72 
-113 -130 -13 -22 -155 -168 -39 -45 -3 -3 0 3 5 15 18 21 
-65 -76 -4 -4 -80 -85 0 -2 -3 -8 4 -3 -8 -8 0 0 
-88 -96 -18 -24 -100 -92 -16 -16 -4 -2 0 -4 14 13 -21 -32 
0 -4 40 32 -24 -24 12 6 -6 -20 -73 -92 -40 -48 -112 -122 
31 26 -48 -54 4 -10 -69 -72 -38 -46 -30 -38 -48 -55 -46 -48 
-4 -16 -54 -56 -16 -12 -56 -57 -46 -52 -18 -20 -52 -58 -16 -18 
24 -14 -47 -94 9 13 -108 -114 -57 -88 -13 -40 -118 -121 -75 -90 
-6 -14 16 -6 -10 3 -26 -43 -20 -59 -32 -78 -84 -121 -102 -144 
-78 -80 -92 -102 -88 -95 -147 -162 -104 -133 -168 -236 -212 -252 -323 -350 
-40 -42 -57 -49 -60 -36 -54 -21 -86 -86 -102 -73 -75 -36 -12 42 
34 24 -18 -14 6 2 32 59 -53 -38 -7 9 53 114 71 124 
-17 -12 50 48 22 59 42 41 80 16 70 -8 -29 -32 -44 -49 
23 24 14 7 36 43 17 31 -17 -10 -27 -27 0 13 -16 -3 
36 28 -4 -4 -5 -24 -4 -15 -16 -16 -32 -5 0 9 10 21 
-24 -24 -9 1 -16 -14 34 48 24 74 53 86 136 152 137 150 
16 43 13 25 45 45 42 56 45 14 -22 -63 2 8 -104 -110 
-12 36 81 137 107 132 177 142 69 81 -28 -29 61 11 -36 -47 
33 40 -12 5 56 142 76 181 8 59 8 57 151 188 87 69 
135 137 181 175 89 33 144 24 -11 -54 -123 -110 -59 -65 -101 -98 
29 33 13 8 25 30 8 9 -12 -16 -3 1 -16 -7 4 10 
17 21 -12 -1 65 114 -9 -5 -22 -29 -13 -24 -28 -31 -24 -25 
154 186 -29 -20 229 240 19 28 8 9 20 24 0 4 38 50 
-22 -16 -22 -18 -38 -77 3 53 -10 11 52 60 56 144 72 141 
-111 -51 -124 -51 30 67 68 138 44 60 28 34 92 115 63 76 
16 26 9 17 78 102 43 94 -16 -19 -2 14 0 91 95 209 
48 37 28 20 22 22 8 8 -27 -25 -42 -44 -16 24 -35 6 
-16 -17 -46 -62 -18 -20 -96 -102 24 -10 14 -21 -24 -24 -39 -36 
33 30 -15 -9 39 30 -3 -1 28 11 72 52 11 5 -28 -114 
-40 -14 -56 -3 -12 -2 28 25 -99 -22 -286 -213 9 13 -66 32 
23 30 -21 -24 12 9 -34 -23 10 39 12 34 42 82 34 61 
20 14 -5 -2 1 -3 -4 -10 12 8 0 -2 -3 -4 -7 -10 
-6 -14 -70 -82 9 14 -86 -82 0 -8 -32 -52 -46 -60 -82 -90 
40 72 -5 33 67 38 18 -18 -106 -105 -49 -52 -77 -69 -52 -54 
-49 -91 -46 -84 -125 -114 -109 -99 7 -27 -32 -31 -59 -46 -5 49 
-4 30 -119 -71 14 -46 -54 -6 -40 20 66 80 77 96 96 96 
-141 -41 -39 3 -10 -4 -10 -6 15 8 16 16 8 8 16 16 
-2 0 -3 0 0 0 0 0 0 0 0 0 0 0 0 0 
0 0 0 0 0 0 0 0 0 0 0 0 0 0 0 0 
0 0 0 0 0 0 0 0 0 0 0 0 0 0 0 0 
0 0 0 0 0 0 0 0 0 0 0 0 0 0 0 0 
0 0 0 0 0 0 0 0 0 0 0 0 0 0 0 0 
0 0 0 0 0 0 0 0 0 0 0 0 0 0 0 0 
0 0 0 0 0 0 0 0 0 0 0 0 0 0 0 0 
0 0 0 0 0 0 0 0 0 0 0 0 0 0 0 0 
0 0 0 0 -16 -32 -2 -20 0 0 0 0 0 -3 0 0 
-28 -28 0 4 -28 -28 4 3 0 0 0 0 0 0 0 0 
-20 -20 4 4 -1 0 -4 -15 -2 -4 0 0 -1 0 0 0 
0 0 0 0 -4 -2 0 0 0 0 0 0 0 0 0 0 
0 0 0 0 0 0 0 0 0 0 0 0 0 0 0 0 
0 0 0 0 0 0 0 0 0 0 0 0 0 0 0 0 
0 0 0 0 0 -4 0 0 0 0 0 0 0 0 0 0 
-30 -38 -4 -4 -32 -32 -4 -4 0 0 0 0 0 0 -3 -4 
-32 -29 -4 -8 -18 -16 -12 -14 -16 -16 -16 -19 -34 -43 -32 -32 
32 30 26 24 -22 -84 -8 -92 -4 -10 24 32 -17 -77 12 -34 
26 8 18 -31 -32 -167 -90 -123 38 27 63 92 62 96 154 168 
-101 -66 -80 33 -67 -41 22 -19 86 99 10 18 94 40 26 35 
-53 -13 -12 -50 -19 -40 -42 -17 61 -4 164 96 13 58 83 89 
-29 -64 9 -6 -99 -125 -20 -39 41 19 2 -16 0 -8 -61 -83 
-12 5 -21 -91 11 13 -100 -109 6 -74 -48 -115 -111 -120 -113 -22 
-32 5 -38 8 8 14 50 60 17 44 91 50 19 -38 -34 -100 
0 31 1 4 38 38 3 2 -85 -118 -121 -128 -147 -152 -136 -134 
20 15 43 35 23 19 7 15 -72 -6 3 -14 20 67 -19 9 
24 38 60 72 55 26 41 -5 117 98 69 42 61 40 24 36 
3 4 -6 -4 0 3 -4 2 26 28 36 34 28 30 44 38 
7 37 8 -22 53 65 -2 12 19 -14 29 31 -11 0 85 98 
5 8 46 52 8 8 46 41 36 45 15 15 56 17 -10 -57 
-2 -20 44 40 -72 -138 32 37 16 18 -73 -139 16 36 -178 -138 
16 8 141 133 -9 -6 105 93 75 96 -78 12 93 86 71 76 
-32 -28 10 -4 -38 -37 -20 -20 12 -12 17 6 -34 -44 -10 -18 
-11 11 -32 -51 -1 35 -41 36 -72 -82 -52 -68 -63 25 -102 -59 
-6 -8 0 0 48 45 64 60 2 0 -77 -72 68 64 22 52 
1 -11 15 19 -41 -48 46 47 4 -2 6 1 9 8 -4 -8 
-48 -48 24 11 -48 -46 -36 -38 2 0 -4 -4 0 0 -4 6 
-35 2 -9 28 -6 -7 23 20 8 13 39 52 -2 -4 74 72 
9 8 8 5 28 44 -11 -17 -12 -29 -13 -46 -64 -104 -72 -104 
41 38 -38 -42 19 18 -58 -60 -44 -44 -52 -61 -49 -40 -64 -64 
9 12 -60 -58 28 42 -49 -40 29 29 15 9 17 16 -8 -12 
40 40 -40 -40 40 40 -40 -40 16 16 -2 0 16 26 -4 -14 
-20 -11 -48 -31 -30 -18 -20 25 -29 -2 -24 -12 8 36 -22 -12 
-21 -20 50 60 -23 -24 60 58 33 32 -30 -32 32 32 -28 -31 
2 0 14 12 8 2 12 9 -12 -16 -16 -20 -16 -18 -30 -35 
-20 -25 -8 -14 -8 -4 -36 -55 -34 -43 -54 -60 -43 -44 -50 -48 
14 -2 -2 -24 -15 -35 -16 -21 24 4 -14 -24 0 -15 -18 -20 
-17 -32 28 22 -36 -55 12 -9 22 18 53 56 36 35 68 68 
-20 -30 -2 -12 -46 -44 -28 -24 24 12 40 33 -8 -5 16 13 
2 4 -7 0 16 12 16 1 -22 4 -60 -11 -4 -59 -22 -88 
3 -13 -18 -30 -13 -36 -51 -92 -52 -96 -92 -180 -156 -173 -248 -242 
5 -38 11 -24 -70 -96 -44 -64 -31 -33 -42 -44 -23 -20 -30 -26 
-147 -150 -257 -211 -116 -118 -128 -120 -286 -226 -276 -232 -154 -152 -197 -204 
28 36 28 36 56 68 52 56 0 19 -52 -32 30 32 -20 -20 
59 89 29 73 137 154 88 35 -12 4 16 24 11 -42 18 -14 
6 -22 -55 -46 -50 -26 -28 12 -67 -40 -14 26 21 61 116 153 
-12 0 -16 0 16 37 16 30 -38 -19 -18 -26 10 33 2 26 
19 58 -30 -7 72 74 6 12 -13 -12 -21 -28 -20 -37 -59 -79 
38 36 -36 -36 28 28 -32 -32 -14 -16 -50 -51 -16 -8 -48 -40 
31 36 -30 -28 14 -21 -43 -36 -3 4 -23 -13 18 40 20 38 
-26 -18 -18 -1 22 32 23 32 2 20 -36 -26 32 32 -8 -6 
8 56 10 47 64 61 58 60 -3 -13 -41 -51 -9 -8 -64 -60 
-5 1 -8 -7 9 14 -2 -2 20 18 13 22 25 32 48 62 
18 20 6 4 16 16 0 4 8 12 78 77 16 16 48 39 
4 2 4 0 -9 -7 -2 -12 1 -6 5 -3 -8 -6 -1 0 
-2 0 -24 -28 2 8 -36 -28 -14 -16 -4 -3 -16 -8 14 22 
-15 -17 -53 -54 7 51 -40 -11 -31 -32 6 8 -31 -13 11 29 
42 45 -13 0 34 11 -19 -46 -18 -1 26 30 -14 -13 22 36 
-16 -8 -130 -138 -10 100 -165 -39 -104 -85 -58 47 -102 14 64 92 
32 -5 -110 -66 -105 -121 -73 -78 6 79 14 79 114 112 78 70 
-147 -51 -78 17 6 15 64 68 92 98 60 68 107 108 109 120 
-28 -22 20 28 -46 -83 74 109 32 26 28 29 -21 -7 7 -45 
-74 -57 105 50 42 9 -2 -57 44 53 -60 -44 22 -8 -29 -52 
-67 -74 -78 -55 -12 28 -12 28 -14 -30 -7 0 -101 -98 7 18 
32 28 32 24 12 2 4 -3 40 40 44 44 6 -18 27 20 
-60 -174 -57 -157 -226 -195 -179 -117 -19 -34 40 33 -26 16 12 52 
-34 -16 10 35 14 41 57 82 58 75 32 54 69 80 45 34 
15 33 64 53 31 38 16 -2 36 -3 -52 -90 -32 -56 -114 -138 
0 9 0 5 32 31 -2 -3 -11 -34 -37 -41 -64 -68 -48 -48 
8 4 -6 10 0 0 0 0 -61 -23 -44 -3 -6 0 -2 0 
0 0 0 0 0 0 0 0 0 0 0 0 0 0 0 0 
0 0 0 0 0 0 0 0 0 0 0 0 0 0 0 0 
0 0 0 0 0 0 0 0 0 0 0 0 0 0 0 0 
0 0 0 0 0 0 0 0 0 0 0 0 0 0 0 0 
0 0 0 0 0 0 0 0 0 0 0 0 0 0 0 0 
0 0 0 0 0 0 0 0 0 0 0 0 0 0 0 0 
0 0 0 0 0 0 0 0 0 0 0 0 0 0 0 0 
0 0 0 0 0 0 0 0 0 0 0 0 0 0 0 0 
0 0 0 0 0 0 0 0 0 0 0 0 0 0 0 0 
0 0 0 0 0 0 0 0 0 0 0 0 0 0 0 0 
0 0 0 0 0 0 0 0 0 0 0 0 0 0 0 0 
0 0 0 0 0 0 0 0 0 0 0 0 0 0 0 0 
0 0 0 0 0 0 0 0 0 0 0 0 0 0 0 0 
0 0 0 0 0 0 0 0 0 0 0 0 0 0 0 0 
0 0 0 0 0 0 0 0 0 0 0 0 0 0 0 0 
0 -9 0 -9 -41 -50 -48 -56 0 0 0 0 -24 -32 -24 -32 
-20 -10 10 17 27 32 30 32 -16 -16 -16 -16 0 0 0 0 
0 0 0 3 -40 -44 -21 -20 0 8 0 8 0 0 0 0 
-20 -16 -9 -5 -1 4 5 11 16 8 16 10 -8 -10 -10 -22 
-16 -16 -14 -16 0 -5 1 4 -11 -17 -61 -149 1 -60 -233 -273 
-18 -12 102 64 -28 -75 7 -34 -9 -94 -69 -12 -142 -106 20 103 
-40 -56 -12 -6 -91 -104 10 14 -2 67 93 85 56 -10 55 -38 
38 -15 118 36 -50 26 -132 -139 36 13 -72 -30 -7 20 18 27 
30 -59 -101 -151 -156 -196 -175 -162 36 -13 40 -14 -49 -83 -39 -14 
-32 -25 -13 -17 -32 -16 4 27 30 -10 164 183 -14 -5 209 218 
18 19 53 29 -29 -78 0 -97 30 -9 23 -50 -33 -150 -159 -282 
0 0 -114 -126 -1 50 -114 -68 -161 -139 3 49 -80 -21 81 65 
38 23 81 92 4 7 143 157 27 67 34 74 55 48 89 93 
6 5 -36 -62 43 103 18 87 -29 -24 -18 -20 11 44 -14 -18 
19 24 9 25 40 33 62 78 3 22 -54 -80 23 63 -114 -75 
16 37 62 69 21 -30 81 45 53 58 38 42 58 54 46 42 
-94 -90 40 52 -26 54 30 1 -16 -23 -72 -77 -51 -62 -43 -36 
33 40 26 34 38 39 34 57 25 19 46 51 17 19 52 57 
39 26 26 24 -7 -3 2 -4 -62 -65 -39 -36 -63 -44 -37 -41 
8 4 0 -4 -28 -18 -37 -19 -36 -35 -65 -65 -20 29 -23 44 
-20 -25 -12 -14 -40 -44 -34 -40 28 26 48 48 9 8 33 28 
-12 -12 -25 -34 -8 -7 -36 -36 -33 -68 -26 -56 -76 -76 -64 -64 
7 51 -48 -38 89 92 3 48 -50 -44 -48 -44 -24 18 -24 1 
14 -37 16 -33 13 10 17 16 6 -8 0 0 27 14 51 21 
26 -10 38 1 -32 -27 -18 -21 41 27 9 -66 8 1 -98 -105 
28 8 23 -2 6 30 -10 0 53 -9 -43 -67 -40 -68 -88 -92 
32 38 27 34 27 -8 32 -1 -11 -11 19 20 -3 30 25 61 
-4 -4 3 2 -12 -6 -5 -2 38 30 87 86 30 28 89 85 
12 12 -24 -32 10 6 -55 -69 -13 -45 -19 -46 -73 -108 -60 -92 
16 6 -56 -64 -17 -20 -21 -8 -96 -128 -80 -112 -84 -14 -112 -89 
-22 -26 -12 -12 -28 -33 -12 -16 58 56 -20 -18 65 68 11 49 
-24 -32 -38 -43 -31 -25 -43 -51 -20 -20 -31 -23 -7 -14 7 15 
3 4 -79 -88 4 4 -94 -96 -73 -120 -23 -111 -137 -140 -140 -144 
16 14 -52 -52 12 1 -52 -50 -28 -26 -39 -38 -10 -3 -20 -23 
-26 -2 29 82 26 -86 54 -183 19 46 -24 -26 -33 -219 -75 -172 
-104 -121 -151 -118 -142 -137 -90 -80 -98 -55 -83 -77 -32 -35 -66 -71 
9 -21 41 -34 -15 -13 -63 -79 17 -58 -18 -54 -99 -135 -94 -132 
-1 -34 -77 -104 -56 -54 -100 -92 -112 -112 -112 -112 -112 -112 -112 -116 
19 28 -6 0 28 32 0 0 2 0 -22 -28 0 0 -28 -28 
31 28 -8 -8 4 -8 -12 -12 -4 -1 -28 -24 18 24 -6 0 
10 44 -4 18 81 92 40 40 26 28 4 4 28 28 4 12 
18 -5 0 -15 -8 -23 -25 -38 -1 -14 38 31 -25 -30 20 5 
-36 -40 -35 -32 -46 -51 -32 -32 -15 -12 17 20 -12 -12 20 26 
-24 -22 -40 -36 -12 0 -20 -8 -60 -56 -67 -61 -40 -28 -49 -40 
-10 -7 -16 -16 12 42 -16 -6 -24 -22 -32 -28 -6 0 -10 -8 
25 34 49 64 45 68 77 80 27 38 7 6 43 57 14 33 
59 80 -41 -16 63 67 4 8 -64 -55 -67 -56 -24 -16 -24 -16 
19 17 -33 -27 25 27 -19 -8 -58 -13 -56 -14 66 127 26 59 
19 16 -10 -3 4 6 10 15 140 185 -20 15 186 196 32 41 
17 33 54 78 40 48 123 128 124 191 55 93 226 232 107 101 
-46 -37 12 16 -10 3 78 89 98 74 37 103 80 69 196 236 
31 51 59 41 68 90 59 66 60 47 236 236 30 -26 255 209 
0 20 6 17 53 72 26 28 -22 -33 133 148 3 9 88 83 
-47 5 -96 -85 71 121 -89 -56 -121 -94 -77 -74 -70 -53 -64 -58 
83 169 37 108 213 228 150 233 11 13 -6 -4 21 28 -4 -4 
14 0 50 59 -8 -5 101 112 35 44 -6 7 75 90 46 64 
6 -7 -40 -45 -31 -26 -98 -159 -9 -4 -20 -16 3 -7 -16 -16 
60 73 29 34 137 207 59 148 -32 -25 -16 -7 8 24 24 32 
3 1 -61 -55 -17 -10 -13 56 -68 -41 46 91 -14 44 115 157 
7 12 -63 -42 34 36 -7 0 -148 -65 -145 -56 -8 8 -10 2 
68 64 32 32 40 49 20 19 37 40 39 50 52 52 64 54 
44 78 -39 -25 49 -63 -58 -124 -19 -47 -60 -116 -103 -150 -113 -135 
-62 -64 -77 -84 -23 23 -67 -28 -79 -95 -35 -40 -71 -11 -22 34 
3 31 -4 32 92 92 92 96 -19 -6 13 19 54 87 56 69 
-4 -6 0 0 0 0 0 0 0 0 5 12 0 0 12 12 
0 0 0 0 0 0 0 0 0 0 0 0 0 0 0 0 
0 0 0 0 0 0 0 0 0 0 0 0 0 0 0 0 
0 0 0 0 0 0 0 0 0 0 0 0 0 0 0 0 
0 0 0 0 0 0 0 0 0 0 0 0 0 0 0 0 
0 0 0 0 0 0 0 0 0 0 0 0 0 0 0 0 
0 0 0 0 0 0 0 0 0 0 0 0 0 0 0 0 
0 0 0 0 0 0 0 0 0 0 0 0 0 0 0 0 
0 0 0 0 0 0 0 0 0 0 0 0 0 0 0 0 
0 0 0 0 0 0 0 0 0 0 0 0 0 0 0 0 
0 0 0 0 0 0 0 0 0 0 0 0 0 0 0 0 
0 0 0 0 0 0 0 0 0 0 0 0 0 0 0 0 
0 0 0 0 0 0 0 0 0 0 0 0 0 0 0 0 
0 0 0 0 0 0 0 0 0 0 0 0 0 0 0 0 
0 0 0 0 0 0 0 0 0 0 0 0 0 0 0 0 
0 0 0 0 0 0 0 0 0 0 0 0 0 0 0 0 
0 -4 0 -12 -22 -28 -8 -4 0 -9 0 0 -7 0 0 0 
-16 -16 0 0 -16 -14 0 0 0 0 16 16 0 0 16 16 
3 4 16 16 -3 -11 15 6 0 0 -2 -3 0 0 0 0 
0 3 0 4 -9 -66 -8 -62 0 0 0 0 -7 -45 0 -9 
-69 -222 -33 -94 -272 -132 -94 -11 52 39 92 84 11 -26 78 52 
56 75 104 81 -20 -25 10 -51 65 38 119 57 19 -29 21 -4 
21 56 2 17 53 -78 -18 -116 -14 -66 -28 -114 -160 -133 -78 22 
-101 -136 -91 -143 -107 -35 -151 -97 3 -42 56 9 -7 17 -49 -54 
27 13 102 190 17 -57 223 214 19 36 -18 -25 86 126 -85 -6 
-122 -111 20 -79 -102 -136 -108 -131 89 -8 112 78 -56 -73 47 1 
-101 -136 -11 29 -50 -29 75 97 0 19 -5 -13 58 67 8 22 
30 23 87 58 -41 -39 -1 -11 82 15 112 76 -55 -60 47 47 
-15 -64 -38 -95 -59 -29 -92 -72 -43 -12 53 58 -16 -43 80 41 
25 28 30 18 13 -21 -17 -26 -28 -42 -27 -32 -54 -48 -44 -43 
-134 -279 -68 -103 -304 -294 -123 -140 56 48 41 -1 31 -11 -22 -57 
-177 -171 -136 -131 -123 -91 -67 -29 25 18 68 69 -6 -7 85 88 
-72 -2 -34 8 58 68 40 47 -52 -13 -16 -31 16 55 -23 1 
16 16 28 28 27 56 50 60 85 82 40 36 67 64 23 14 
16 16 16 17 0 0 32 32 16 16 -36 -36 13 -7 -46 -42 
-3 -1 36 40 38 124 37 49 0 6 -28 -32 11 5 -65 -73 
50 48 -11 -8 52 48 -10 0 -94 -77 -157 -92 -55 -8 -58 -8 
17 6 -2 0 4 -4 0 -8 -10 -8 -28 -28 -8 -8 -28 -34 
10 -4 10 -2 4 -18 0 -28 18 15 2 -4 -17 -56 -20 -52 
-9 18 -21 4 59 28 24 -2 -60 -40 -64 -48 -12 -39 -53 -81 
-20 -100 -22 -100 -36 -36 -40 -42 -46 -120 -78 -141 -60 -60 -72 -47 
-1 5 0 -17 39 -17 -115 -182 -3 -21 20 15 -105 -119 11 -9 
-25 -32 -17 -19 -27 -13 -10 2 -5 -48 -55 -111 -43 -20 -128 -121 
28 32 34 42 46 49 83 130 37 36 -9 11 38 80 3 -7 
-34 -58 -23 -59 -74 -94 -75 -94 -31 -63 -38 -76 -79 -95 -69 -74 
12 8 -34 -36 4 11 -28 -41 -75 -73 -69 -43 -49 -40 51 63 
21 22 -111 -131 20 36 -139 -112 -4 -127 -174 -458 -373 -621 -480 -201 
18 36 -58 29 -6 16 -54 2 -750 -154 -649 -845 -38 -16 -210 -362 
38 34 46 82 -9 -36 22 0 34 115 -202 58 40 3 3 -5 
-22 -28 14 33 -20 -22 28 7 -3 44 -101 -194 43 -30 -267 -336 
32 54 122 109 50 35 81 56 148 88 -49 7 69 49 33 45 
-17 -35 -65 -80 -60 -76 -115 -132 -19 -38 -80 -94 -76 -96 -120 -124 
-42 -52 -20 -28 -62 -70 -28 -28 -54 -60 20 16 -60 -60 7 -2 
12 12 -44 -44 12 4 -40 -38 -64 -64 -68 -68 -64 -64 -64 -64 
-24 -32 -40 -40 -32 -32 -32 -32 -1 0 0 0 4 4 0 0 
-32 -32 -32 -32 -28 -18 -32 -30 -4 -4 0 0 -4 4 0 4 
-2 0 -13 -12 0 4 -12 -6 21 24 19 20 24 30 20 28 
40 29 33 20 31 24 21 20 17 4 13 4 9 -4 8 -8 
32 32 24 26 32 32 32 32 -5 -1 -16 -12 14 20 8 16 
0 2 0 0 8 9 0 0 -12 -12 -16 -16 -12 -12 -16 -16 
-2 16 -31 -7 20 19 7 1 -16 -15 -16 -16 0 0 0 0 
-9 0 -12 0 4 25 4 24 -12 0 -13 -3 4 24 4 22 
-24 -10 -39 -11 22 35 21 37 -47 -21 -48 -35 17 40 -5 45 
21 61 158 205 18 35 151 150 8 23 86 117 -23 -17 117 211 
-8 34 14 149 32 25 327 306 -102 40 174 296 282 404 357 398 
-39 -55 -62 -87 -42 18 -47 63 42 25 -64 -86 -44 -34 -104 -121 
27 51 125 -16 168 206 -47 83 129 119 4 4 98 104 13 16 
4 44 27 66 74 20 83 30 28 27 -35 -33 -15 -79 -70 -190 
-82 20 -90 -51 101 95 -2 1 -44 -79 -111 -96 -48 -48 -48 -48 
-15 -34 -32 -32 -48 -48 -48 -48 -76 -72 -80 -73 -54 -48 -48 -40 
0 0 0 0 0 0 0 0 0 0 9 4 16 16 16 18 
-7 -17 4 -3 -12 -16 -7 -14 9 4 28 24 -4 -7 22 27 
-32 -32 -26 -28 -21 -17 -30 -11 -20 -28 34 40 -21 15 66 98 
-44 -26 -60 -50 -5 2 -25 -6 -67 -64 -24 22 -20 22 7 1 
0 18 -34 -22 86 103 37 152 145 78 179 146 -57 -3 3 -136 
-22 33 36 47 -40 -42 -42 -52 -57 24 -236 -185 21 26 -128 -16 
-27 12 -61 -20 16 -20 -24 -66 -3 -11 31 35 -17 -28 17 -7 
-74 -119 8 -44 -77 -5 -54 48 0 2 19 31 -13 2 48 45 
32 -4 67 46 -6 6 40 41 67 64 72 60 64 63 38 30 
32 36 -2 -4 50 44 7 18 -7 -16 -17 -18 -15 16 -16 20 
5 28 -8 28 32 32 32 32 -6 28 -3 28 32 32 32 32 
0 0 0 0 0 0 0 0 0 0 0 0 0 0 0 0 
0 0 0 0 0 0 0 0 0 0 0 0 0 0 0 0 
0 0 0 0 0 0 0 0 0 0 0 0 0 0 0 0 
0 0 0 0 0 0 0 0 0 0 0 0 0 0 0 0 
0 0 0 0 0 0 0 0 0 0 0 0 0 0 0 0 
0 0 0 0 0 0 0 0 0 0 0 0 0 0 0 0 
0 0 0 0 0 0 0 0 0 0 0 0 0 0 0 0 
0 0 0 0 0 0 0 0 0 0 0 0 0 0 0 0 
0 0 0 0 0 0 0 0 0 0 0 0 0 0 0 0 
0 0 0 0 0 0 0 0 0 0 0 0 0 0 0 0 
0 0 0 0 0 0 0 0 0 0 0 0 0 0 0 0 
0 0 0 0 0 0 0 0 0 0 0 0 0 0 0 0 
0 0 0 0 0 0 0 0 0 0 0 0 0 0 0 0 
0 0 0 0 0 0 0 0 0 0 0 0 0 0 0 0 
0 0 0 0 0 0 0 0 0 0 0 0 0 0 0 0 
0 0 0 0 0 0 0 0 0 0 0 0 0 0 0 0 
0 0 0 0 0 -2 0 0 0 0 0 0 0 0 0 0 
-16 -16 0 0 0 0 0 0 0 0 0 0 0 0 0 0 
0 0 0 0 0 0 0 0 0 0 0 0 0 0 0 0 
-8 -16 -6 -12 -20 -45 -19 -52 12 8 16 16 6 -1 16 16 
-21 -115 -62 -166 -155 -158 -158 -134 29 -40 62 41 -38 9 31 40 
35 27 32 55 59 42 45 21 112 87 69 37 40 9 -5 -35 
38 19 -16 -28 -41 -40 -25 -24 -15 -29 -76 -84 -48 -52 -98 -100 
-17 -5 13 23 -13 38 21 -18 -7 5 -33 -19 -10 -72 -19 -43 
97 95 -2 0 70 -12 -40 -85 -54 -42 -12 -1 -22 -7 1 9 
-71 -88 -67 -75 -68 -45 -52 -28 -11 -11 12 16 -39 -51 -17 -49 
24 42 40 56 19 11 43 27 -5 12 -1 0 -3 -25 -13 -30 
23 -3 59 21 -31 -70 -8 -47 23 -54 76 -3 -54 -52 -14 -4 
-58 -30 -38 -7 -15 -19 19 22 -19 -5 25 20 24 42 24 27 
-47 -95 8 -19 -127 -145 -25 -22 64 55 26 18 15 8 -20 -28 
-38 -38 58 -5 7 20 -20 -25 133 106 107 100 29 -35 21 -21 
22 -21 -26 -78 -103 -114 -170 -167 -59 -112 -24 -72 -191 -158 -158 -192 
22 26 9 20 28 2 28 -7 -12 15 -61 -3 16 14 12 -2 
-12 -9 -45 -51 17 69 -8 67 -18 -69 -51 -91 -71 27 -93 9 
-10 -16 0 -7 27 22 40 27 -20 -18 -32 -20 52 20 80 61 
-20 23 -44 -19 48 80 9 47 -36 -31 31 32 -12 25 -4 -35 
4 -2 -5 -12 -11 -10 -62 -80 37 32 -110 -131 -5 -81 -203 -248 
39 31 19 -2 14 3 -4 -8 -21 -83 -96 -139 -93 -98 -127 -129 
-4 -10 -12 -12 -59 -104 -25 -56 -40 -39 -76 -72 -36 -27 -58 -44 
67 32 42 62 0 112 138 267 19 64 30 7 139 195 -134 -140 
122 80 180 22 -23 -180 -93 -279 83 21 6 28 -128 -68 -6 137 
-175 -114 -321 -34 -37 83 241 333 -24 163 -25 25 226 212 31 28 
-31 22 114 -41 21 1 -25 -17 157 -56 43 -192 -166 -276 -457 -544 
108 -13 168 157 -7 27 142 72 -112 -206 -420 -538 43 206 -418 45 
-14 -1 6 -19 0 -8 -233 -263 59 12 129 114 -100 -239 39 -98 
-20 38 -157 -83 -77 -236 -286 -423 -138 -175 -2 170 -472 -412 -104 -369 
-129 -196 -37 -39 208 21 30 -35 -42 -69 25 -66 -70 -57 -88 -83 
-213 452 -290 317 321 158 213 77 -173 -3 -139 -203 256 198 186 319 
11 -154 -173 -297 -239 -251 -272 -170 -184 -315 -138 -145 -203 -17 16 29 
-122 -67 -95 -109 -60 -76 -107 -112 -62 -164 11 -76 -181 -186 -56 -56 
-72 -86 3 -6 -96 -94 -26 -34 16 10 -34 -40 10 16 -28 -25 
21 1 -51 -77 -42 -73 -106 -120 -55 -74 21 -54 -128 -140 -124 -144 
-24 -24 -40 -40 -24 -24 -32 -32 -60 -60 -64 -64 -56 -56 -64 -64 
8 8 0 0 8 12 0 8 -24 -24 -32 -32 -24 -24 -32 -32 
14 16 4 8 16 16 8 12 -36 -33 -48 -44 -16 -12 -24 -16 
16 16 8 10 16 24 16 24 -13 -9 -16 -12 8 24 8 22 
24 32 20 24 48 48 40 40 2 4 0 0 12 12 0 0 
-16 -8 -24 -16 16 16 8 8 -52 -45 -64 -57 -18 -12 -29 -18 
16 16 16 16 16 16 16 16 -8 -8 -16 -16 0 8 0 8 
0 0 0 0 16 16 16 16 -4 6 -4 14 20 29 47 68 
2 10 0 -3 -56 -38 -65 -41 22 18 69 110 -49 3 29 49 
-42 -31 -39 -8 0 41 31 78 20 60 41 96 110 117 124 127 
1 98 -26 -11 67 72 -40 -30 -20 -20 8 86 -24 20 122 159 
-29 -17 -4 1 148 282 31 136 15 13 12 -4 -25 9 -100 -85 
130 154 31 64 161 144 110 167 -238 -71 -233 -152 9 54 -122 -172 
-4 -55 -4 -64 -108 -115 -99 -106 38 -51 -66 -74 -107 -111 -55 -41 
-83 -104 -42 -99 -29 0 -79 -41 -73 -68 25 77 -2 42 195 238 
42 20 -30 -27 2 0 -11 19 -49 -34 36 172 -23 49 230 241 
-47 -21 -56 -22 34 75 -17 -20 -66 5 -53 -125 -35 -100 -137 -146 
16 -25 21 45 0 16 55 86 -32 -16 5 19 6 62 18 36 
71 79 115 123 69 57 109 63 89 80 31 29 39 -16 -22 -63 
19 26 -12 -17 33 47 -7 2 -40 -41 -60 -58 -31 -28 -47 -42 
42 12 23 9 -22 -5 -13 -18 -32 -32 8 8 -32 -2 8 53 
57 62 -20 -16 47 -7 6 20 -4 -4 76 76 -3 34 75 118 
-49 -62 -48 -49 -20 27 -11 0 -20 -24 23 52 6 6 43 41 
-57 19 -132 -83 77 69 -53 -15 -118 -72 -94 -72 -49 -11 -40 -8 
-32 0 -84 -48 18 23 -53 -53 -70 -8 -68 8 18 4 60 59 
40 31 -11 45 7 -11 47 44 -28 24 -12 16 43 38 29 39 
-11 -9 23 17 -34 0 -25 0 30 47 56 88 9 15 52 48 
13 28 28 28 16 16 16 16 28 28 32 28 16 16 16 16 
0 0 0 0 0 0 0 0 0 0 0 0 0 0 0 0 
0 0 0 0 0 0 0 0 0 0 0 0 0 0 0 0 
0 0 0 0 0 0 0 0 0 0 0 0 0 0 0 0 
0 0 0 0 0 0 0 0 0 0 0 0 0 0 0 0 
0 0 0 0 0 0 0 0 0 0 0 0 0 0 0 0 
0 0 0 0 0 0 0 0 0 0 0 0 0 0 0 0 
0 0 0 0 0 0 0 0 0 0 0 0 0 0 0 0 
0 0 0 0 0 0 0 0 0 0 0 0 0 0 0 0 
0 0 0 0 0 0 0 0 0 0 0 0 0 0 0 0 
0 0 0 0 0 0 0 0 0 0 0 0 0 0 0 0 
0 0 0 0 0 0 0 0 0 0 0 0 0 0 0 0 
0 0 0 0 0 0 0 0 0 0 0 0 0 0 0 0 
0 0 0 0 0 0 0 0 0 0 0 0 0 0 0 0 
0 0 0 0 0 0 0 0 0 0 0 0 0 0 0 0 
0 0 0 0 0 0 0 0 0 0 0 0 0 0 0 0 
0 0 0 0 0 0 0 0 0 0 0 0 0 0 0 0 
0 0 0 0 0 0 0 0 0 0 0 0 0 0 0 0 
0 0 0 0 0 0 0 0 0 0 0 0 0 0 0 0 
0 0 0 0 0 0 0 0 0 0 0 0 0 0 0 0 
0 0 0 0 0 0 0 0 0 0 0 0 0 0 0 0 
-16 -24 -16 -20 -31 -8 -12 0 0 0 0 0 0 0 0 0 
0 0 0 0 -3 -4 0 0 0 0 -16 -20 4 4 -20 -13 
-20 -32 -9 -32 -35 -36 -32 -32 0 -18 -2 0 -28 -28 0 0 
-20 -20 -16 -16 -24 -40 -16 -16 -12 -12 14 12 0 0 0 0 
-17 -18 16 16 -36 -36 0 0 21 16 32 26 16 16 22 16 
-20 -20 16 16 -49 -87 0 -44 16 16 16 16 2 -30 8 -13 
26 -4 34 1 -16 -16 -16 -24 40 26 44 41 16 -31 66 35 
-27 -58 -22 -16 -126 -149 -42 -134 -32 6 18 54 1 -77 27 -46 
-3 -30 4 -28 -54 -68 -71 -105 60 52 132 127 21 -46 94 55 
0 -2 -48 -44 2 0 -32 -28 -62 -89 -71 -132 -76 -62 -158 -175 
16 16 -12 -12 -4 -10 -32 -44 -32 -40 -24 -32 -66 -107 -70 -113 
21 -43 21 -53 -89 -151 -107 -165 -28 -78 10 49 -133 -171 61 17 
-98 -31 -146 -59 9 -26 -31 -62 -69 -13 40 8 16 24 21 31 
-83 -97 -59 -12 -51 30 33 44 29 32 35 19 18 12 -41 -56 
4 8 -6 -9 33 36 8 23 31 0 -25 -18 4 44 -22 24 
32 30 25 22 -73 -132 -64 -174 60 76 42 41 6 -151 -10 -90 
43 42 -80 -80 24 16 -2 80 -154 -168 -20 -8 -147 -24 52 80 
8 -7 81 66 -30 -37 44 70 51 42 98 85 13 18 22 12 
-20 -9 26 57 66 174 125 164 48 168 34 235 150 122 191 129 
20 -200 11 -382 -148 -21 -230 -96 -111 -318 -144 -269 -138 -113 14 60 
-34 4 -183 -132 12 8 -37 -58 -195 -88 46 117 -63 -322 59 -240 
-6 -37 -169 -210 -72 -97 -247 -341 28 -97 -195 -505 -103 -61 -637 -639 
-38 -100 -379 -203 1 -144 252 -283 -119 72 -577 -398 122 -313 -200 -320 
-9 -14 -97 -91 22 317 -71 158 -169 -152 -196 -189 -43 131 -173 -88 
64 309 -176 48 244 114 172 11 -228 9 -463 -176 16 -33 197 198 
90 192 -76 -38 349 125 69 -4 -192 -136 -113 -318 46 217 -198 21 
45 18 29 -94 56 124 -62 8 152 -114 -40 -33 -170 -111 -68 -118 
27 50 16 41 418 818 184 553 -8 -17 1 -36 50 545 -41 230 
-59 80 -124 104 43 -56 95 -7 -24 -529 97 218 -213 157 302 268 
55 11 -8 74 20 25 103 124 -14 3 20 35 70 105 64 78 
-7 -16 62 59 -48 -55 -19 -110 60 43 -54 -171 -15 -123 -264 -292 
6 -12 5 -17 4 -16 -4 -24 -44 -75 -172 -135 -28 -44 -39 -48 
-48 -48 -48 -48 -48 -48 -48 -48 -48 -48 -48 -48 -48 -48 -48 -48 
-16 -16 -16 -16 -16 -16 -16 -16 -16 -16 -16 -16 -16 -16 -16 -16 
-16 -8 -16 -8 24 32 24 32 -16 -12 -10 -6 20 32 20 32 
-16 -12 -16 -12 0 4 -6 -8 -16 -16 -16 -16 -25 -22 -28 -24 
8 8 0 0 8 8 0 0 -3 0 -4 0 0 0 0 0 
-38 -26 -44 -28 -4 14 -12 8 -48 -32 -48 -44 -16 0 -28 -4 
-16 -12 -16 -8 0 0 0 0 -32 -25 -32 -28 -8 0 -8 0 
-16 -6 -16 -16 24 68 10 48 -16 -16 -20 -18 1 8 0 0 
34 56 -2 12 49 64 4 17 -36 -21 -49 -28 -10 1 -9 20 
-18 -2 -66 -43 -78 2 -118 -47 -75 -31 27 69 -84 25 8 6 
58 131 -87 -32 117 106 -25 -73 -44 -77 -67 -51 -75 -92 -70 -93 
75 82 10 85 74 78 122 123 -35 -25 -32 -30 6 50 -18 -6 
59 18 28 -13 -42 -89 -48 -70 12 -14 29 10 -44 -62 -31 -42 
-16 -3 -16 -16 21 91 -16 21 -34 -32 -36 -30 -15 21 0 16 
23 173 -48 50 255 294 107 212 -58 -9 -72 -30 2 80 -26 50 
-44 11 88 64 32 42 52 49 34 63 -12 25 83 85 45 52 
-15 -81 -52 -68 -134 -136 -67 -64 -17 -12 14 24 32 44 67 80 
4 42 -10 28 48 54 40 40 -27 8 -28 4 20 22 16 21 
12 11 -7 -18 -2 -15 -10 -17 -24 -8 14 31 -2 -14 25 13 
-32 -30 -32 -32 -16 -14 -16 -16 -33 -21 -20 -8 0 0 0 4 
-16 -16 -16 -16 4 50 4 50 0 0 0 0 4 55 4 48 
-6 -6 -1 31 -20 61 64 83 42 125 13 92 130 85 127 83 
44 172 60 130 206 88 191 135 29 46 28 24 68 71 36 42 
-3 0 14 0 5 33 0 3 4 0 5 14 0 2 39 51 
37 64 -1 20 60 16 -10 -51 -11 -13 39 24 -39 -65 0 -40 
-1 -21 -29 -36 7 59 8 60 -47 -21 -9 18 13 67 22 57 
20 48 26 49 48 48 48 48 42 47 16 16 48 44 20 20 
0 0 0 0 0 0 0 0 -16 -4 -16 -4 0 0 0 0 
0 0 0 0 0 0 0 0 0 0 0 0 0 0 0 0 
0 0 0 0 0 0 0 0 0 0 0 0 0 0 0 0 
0 0 0 0 0 0 0 0 0 0 0 0 0 0 0 0 
0 0 0 0 0 0 0 0 0 0 0 0 0 0 0 0 
0 0 0 0 0 0 0 0 0 0 0 0 0 0 0 0 
0 0 0 0 0 0 0 0 0 0 0 0 0 0 0 0 
0 0 0 0 0 0 0 0 0 0 0 0 0 0 0 0 
0 0 0 0 0 0 0 0 0 0 0 0 0 0 0 0 
0 0 0 0 0 0 0 0 0 0 0 0 0 0 0 0 
0 0 0 0 0 0 0 0 0 0 0 0 0 0 0 0 
0 0 0 0 0 0 0 0 0 0 0 0 0 0 0 0 
0 0 0 0 0 0 0 0 0 0 0 0 0 0 0 0 
0 0 0 0 0 0 0 0 0 0 0 0 0 0 0 0 
0 0 0 0 0 0 0 0 0 0 0 0 0 0 0 0 
0 0 0 0 0 0 0 0 0 0 0 0 0 0 0 0 
0 0 0 0 0 0 0 0 0 0 0 0 0 0 0 0 
0 0 0 0 0 0 0 0 0 0 0 0 0 0 0 0 
0 0 0 0 0 0 0 0 0 0 0 0 0 0 0 0 
0 0 0 0 0 0 0 0 0 0 0 0 0 0 0 0 
0 0 0 0 0 0 0 0 0 0 0 0 0 0 0 0 
0 0 0 0 0 0 0 0 0 0 0 0 0 0 0 0 
-18 -20 -16 -16 -29 -9 -28 -4 -16 -16 -16 -16 -28 -4 -28 -4 
-1 0 0 0 0 -3 0 0 0 0 0 0 0 0 0 0 
-16 -16 -4 -4 -16 -16 -4 -4 0 0 0 0 0 0 0 0 
0 -2 0 0 -7 -28 -4 -28 0 0 0 -8 -20 -32 -28 -32 
16 16 16 16 16 9 16 16 0 0 0 0 0 0 -1 0 
-2 -11 8 -8 26 9 24 17 8 -28 8 -32 -28 -51 -40 -62 
-2 24 -44 -24 50 -46 9 -70 -69 -71 -64 -70 -41 -92 -21 -40 
45 15 12 -26 -22 -37 -31 -29 -13 -11 50 31 0 -3 -11 -51 
-35 -29 -22 -22 -37 -32 -21 -13 -3 -2 -36 -4 12 30 32 68 
-16 -24 -14 -35 -28 -66 -42 -68 8 -61 77 50 -57 -29 76 39 
-40 -21 -58 -44 -10 -12 -32 -29 -49 -37 -50 -52 -20 6 -47 -32 
-21 -58 -38 -74 -58 0 -21 44 23 -17 -11 -50 -9 9 -77 -82 
62 24 138 109 -49 -98 46 -34 69 62 -62 -54 53 29 4 13 
-72 -16 -2 -23 -2 8 4 65 55 -1 94 49 -1 37 45 45 
20 20 65 62 -18 -70 41 -20 48 50 30 26 41 6 11 -2 
30 4 16 -16 35 45 -8 16 39 110 157 284 164 194 277 236 
12 28 5 68 0 68 160 243 57 106 -164 -182 153 76 -346 -609 
210 308 353 110 187 -76 -73 -364 56 -316 -354 -506 -496 -555 -504 -506 
105 47 -88 -102 -9 124 -10 177 -210 -60 -37 96 244 238 -56 -110 
-250 -61 -143 -421 -274 -334 -678 -735 -143 -406 10 -476 -825 -912 -744 -852 
-172 -285 -436 -388 -247 -198 -320 -266 -372 -273 -147 -50 -208 -66 48 218 
-6 -1 -170 -112 83 80 58 80 -216 -149 -205 -136 56 92 52 90 
-98 -239 -119 -256 -198 -50 -296 -266 -86 -216 -82 -190 -252 -252 -236 -240 
41 83 34 58 178 528 126 229 -1 0 0 0 9 26 -8 -8 
441 26 -57 9 -132 -156 -100 -161 -304 -196 -360 -336 -159 -222 -262 -222 
-43 -11 -43 -4 24 49 -30 -9 -73 77 11 -114 106 18 -708 -528 
61 -28 15 65 -112 -60 -15 -99 -50 -43 -72 -56 -63 -70 -88 -90 
35 47 48 58 228 583 24 35 62 77 57 73 93 107 111 197 
-193 -231 58 -26 105 224 -92 -40 -88 -246 -17 -156 -209 -156 -235 -186 
353 190 82 134 77 47 97 16 -474 -154 -516 -274 13 107 -308 -129 
-59 -59 -86 -91 -12 0 -20 0 -61 -95 -14 -80 -28 -16 -28 -16 
-16 -16 -16 -16 -16 -16 -16 -16 -16 -16 -16 -16 -16 -8 -16 -8 
-16 -16 -13 -12 -16 -8 -12 -6 6 8 9 12 8 8 16 16 
9 13 13 16 24 32 24 32 16 16 16 16 24 32 24 32 
16 16 8 10 4 8 4 8 -12 -9 -16 -12 0 8 0 8 
0 0 0 0 0 0 0 0 0 0 0 0 0 0 4 8 
-20 -12 -20 -12 4 28 4 28 -20 -12 -12 -4 4 36 5 36 
-32 -28 -30 -22 -8 0 -1 3 -12 13 -6 31 39 23 56 72 
-40 -36 -46 -36 -8 8 -8 12 -27 28 42 96 114 160 153 170 
-3 16 4 20 34 78 39 60 199 149 159 211 32 -6 109 -4 
11 123 -87 -37 129 66 -22 -46 -96 -92 -98 -92 -68 -65 -72 -64 
-47 -40 -66 -67 -54 -54 -54 -18 -72 -64 -43 -22 -179 -25 -1000 -1107 
-23 -9 91 120 19 16 104 29 -36 49 -13 22 -202 -1221 271 717 
-82 -1295 -538 -1208 -142 -1 -1079 -500 -914 -1216 -437 -805 -1169 -221 -943 -827 
350 349 696 764 376 381 59 595 1103 382 825 106 -348 1 443 925 
-23 2 -9 6 -69 -27 -72 -59 -101 3 -231 9 -72 -58 -70 -56 
-6 13 -40 -28 26 40 -6 18 -43 -26 -37 -19 -8 14 -1 19 
4 24 -2 21 54 72 46 72 -8 20 -12 14 40 66 37 61 
-28 4 -28 4 16 28 18 23 -31 12 -32 12 36 40 40 52 
40 68 11 38 68 52 36 26 8 31 46 69 44 47 74 65 
0 4 -10 -6 10 18 5 12 9 21 48 56 24 33 57 62 
-15 -2 -1 12 8 37 27 44 23 39 42 52 52 66 67 84 
-80 -21 -72 -32 24 34 -15 24 -70 -32 -63 -23 -11 23 20 37 
-19 -22 -8 -13 -28 -1 10 50 -1 22 20 56 60 111 111 157 
6 21 -11 -1 42 61 13 34 -22 -13 -49 -46 -37 -34 -62 -66 
-10 10 20 36 27 48 52 72 16 22 23 28 42 60 43 62 
33 20 40 25 7 -6 26 15 41 28 44 29 30 20 32 22 
-30 -18 -16 -12 2 8 8 16 -16 -2 -14 13 16 16 16 16 
-2 0 0 0 0 0 0 0 0 0 0 0 0 0 0 0 
0 0 0 0 0 0 0 0 0 0 0 0 0 0 0 0 
0 0 0 0 0 0 0 0 0 0 0 0 0 0 0 0 
0 0 0 0 0 0 0 0 0 0 0 0 0 0 0 0 
0 0 0 0 0 0 0 0 0 0 0 0 0 0 0 0 
0 0 0 0 0 0 0 0 0 0 0 0 0 0 0 0 
0 0 0 0 0 0 0 0 0 0 0 0 0 0 0 0 
0 0 0 0 0 0 0 0 0 0 0 0 0 0 0 0 
0 0 0 0 0 0 0 0 0 0 0 0 0 0 0 0 
0 0 0 0 0 0 0 0 0 0 0 0 0 0 0 0 
0 0 0 0 0 0 0 0 0 0 0 0 0 0 0 0 
0 0 0 0 0 0 0 0 0 0 0 0 0 0 0 0 
0 0 0 0 0 0 0 0 0 0 0 0 0 0 0 0 
0 0 0 0 0 0 0 0 0 0 0 0 0 0 0 0 
0 0 0 0 0 0 0 0 0 0 0 0 0 0 0 0 
0 0 0 0 0 0 0 0 0 0 0 0 0 0 0 0 
0 0 0 0 0 0 0 0 0 0 0 0 0 0 0 0 
0 0 0 0 0 0 0 0 0 0 0 0 0 0 0 0 
0 0 0 0 0 0 0 0 0 0 0 0 0 0 0 0 
0 0 0 0 0 0 0 0 0 0 0 0 0 0 0 0 
0 0 0 0 0 0 0 0 0 0 0 0 0 0 0 0 
0 0 0 0 -16 -16 -16 -16 0 0 0 0 -16 -16 -16 -16 
-32 -32 -32 -32 -28 -4 -28 -4 -16 -16 -16 -16 -14 0 0 0 
0 0 0 0 0 0 0 0 0 0 0 0 0 0 0 0 
0 0 0 0 0 0 0 0 0 0 0 0 0 -4 0 -4 
-16 -16 -16 -16 -28 -32 -28 -32 -24 -28 -24 -28 -32 -32 -32 -32 
12 -12 12 -19 -8 -4 -43 -51 3 -8 0 0 -31 -59 0 -5 
-2 -32 -25 -32 -48 -48 -48 -48 -27 -32 28 -15 -48 -48 -48 -59 
10 8 20 20 2 -1 17 7 12 13 -24 -36 -2 -60 -71 -120 
94 88 91 80 60 16 60 38 -2 -33 -27 -29 -14 20 -9 24 
-12 -16 55 57 -8 -7 56 45 46 52 48 52 44 11 43 1 
14 -12 32 -11 8 -26 4 -24 14 -21 17 -21 -12 -47 -5 -40 
-1 -51 -2 -56 -91 -124 -120 -190 -24 -56 -18 -45 -116 -145 -83 -102 
-4 18 -64 -8 1 -56 8 -33 1 9 11 13 4 -4 26 31 
-76 -14 -15 22 44 51 12 16 -20 -27 -15 -55 -16 -7 -64 -69 
-5 -26 -11 -21 -38 -63 -33 -58 -45 -72 -85 -108 -85 -115 -124 -145 
-22 -38 -50 -63 -44 34 30 192 -116 -65 -128 -15 99 151 6 -328 
138 190 315 112 112 -178 -231 -588 267 -153 -151 -383 -479 -759 -647 -854 
-109 -192 -102 -166 -510 -532 -289 -152 -77 -36 -100 28 169 355 165 83 
121 207 -10 41 212 203 254 283 -12 -150 -75 -55 -244 -361 -7 -234 
-208 -74 10 -162 -172 84 -245 -42 -310 -277 -122 -79 -206 -21 -24 -82 
-74 -243 -212 -54 -90 52 69 241 78 180 53 282 317 539 530 803 
41 -8 28 -8 -56 -46 -48 -44 34 -2 40 32 -41 -17 56 51 
80 140 154 154 85 -88 27 -128 137 56 160 55 -27 -128 -42 -148 
42 5 33 13 -63 -80 -51 -69 32 22 18 13 -18 -28 -1 -5 
0 -8 10 -2 -44 -48 -65 -77 52 42 83 104 -10 -52 115 69 
16 8 -20 -18 -304 152 -192 -733 -22 -408 -498 -1116 -858 -1148 -1165 -1196 
-107 -481 -72 -79 -839 -851 -159 -174 19 72 -54 100 213 178 338 1308 
-620 -430 -1255 -1062 -435 87 49 562 -898 -138 -111 -168 228 196 -99 -108 
31 -84 228 -17 -92 -145 29 -153 139 128 -4 -24 142 100 -16 -8 
121 94 30 50 0 1 34 32 16 9 10 10 2 -5 4 0 
35 118 3 32 140 194 137 223 -118 -253 -8 -67 -86 45 -40 -18 
9 36 -24 16 16 16 16 16 16 16 29 16 16 16 16 16 
-16 -16 -16 -16 -16 -16 -16 -16 -16 -16 -8 -8 -16 -16 -8 -8 
-10 -8 -16 -16 -8 -4 -16 -8 0 0 0 0 0 0 0 0 
-2 0 -4 0 0 0 0 0 0 0 0 0 0 0 0 0 
-2 0 -10 0 4 16 0 12 -12 0 -8 0 0 8 0 8 
0 4 0 4 22 31 20 32 0 3 0 20 18 34 73 107 
12 25 30 56 22 44 46 52 52 94 110 99 88 70 82 143 
-12 16 -14 4 52 130 48 183 -99 -914 -469 -876 -958 -665 -1048 -1051 
16 108 76 -196 99 124 -259 -2 233 -190 -58 -134 -141 273 -176 -101 
194 132 143 101 123 105 100 114 -78 72 -738 -1008 100 116 -608 116 
-10 -12 13 0 4 16 4 16 -2 -18 -107 -73 -6 12 -81 -482 
400 759 683 811 -379 -100 -400 -19 969 701 3 168 -195 281 68 438 
430 53 863 190 -111 -13 -34 -43 -8 431 -17 128 204 -50 520 264 
-65 237 48 8 -80 176 25 -3 66 75 130 143 74 136 223 453 
59 -36 -307 -73 323 1637 363 947 -302 -187 -365 -262 105 -247 -165 -208 
-126 -702 -1049 -973 -100 -77 283 530 -659 -501 -201 -149 645 1131 121 1248 
91 73 357 41 91 98 -1161 -1156 -642 -710 -814 -662 -1207 -726 -676 -786 
-13 17 -30 63 -26 -26 0 18 -800 -85 -878 -644 -107 -1270 -774 -1699 
-128 -104 538 -683 -80 -55 -1224 -781 50 -448 -266 -270 -403 -547 43 130 
40 46 61 50 44 44 45 53 60 52 -991 44 53 83 55 80 
42 48 49 56 45 48 48 48 54 48 28 22 40 44 17 20 
4 23 20 39 49 66 65 91 23 42 1 23 66 100 47 81 
8 28 51 46 24 13 42 45 59 54 54 62 59 82 40 46 
10 21 54 63 -31 -52 -27 -52 100 80 88 68 -24 -52 -28 -60 
-32 -32 -32 -32 -32 -32 -32 -32 -32 -32 -36 -36 -32 -32 -32 -32 
-1 0 0 0 0 0 0 0 16 16 16 16 16 16 16 24 
12 0 12 0 0 -8 0 -8 28 12 28 12 8 -8 8 -8 
-16 3 -16 -10 16 16 8 16 0 10 2 30 16 16 16 16 
0 0 0 0 0 0 0 0 0 0 0 0 0 0 0 0 
0 0 0 0 0 0 0 0 0 0 0 0 0 0 0 0 
0 0 0 0 0 0 0 0 0 0 0 0 0 0 0 0 
0 0 0 0 0 0 0 0 0 0 0 0 0 0 0 0 
0 0 0 0 0 0 0 0 0 0 0 0 0 0 0 0 
0 0 0 0 0 0 0 0 0 0 0 0 0 0 0 0 
0 0 0 0 0 0 0 0 0 0 0 0 0 0 0 0 
0 0 0 0 0 0 0 0 0 0 0 0 0 0 0 0 
0 0 0 0 0 0 0 0 0 0 0 0 0 0 0 0 
0 0 0 0 0 0 0 0 0 0 0 0 0 0 0 0 
0 0 0 0 0 0 0 0 0 0 0 0 0 0 0 0 
0 0 0 0 0 0 0 0 0 0 0 0 0 0 0 0 
0 0 0 0 0 0 0 0 0 0 0 0 0 0 0 0 
0 0 0 0 0 0 0 0 0 0 0 0 0 0 0 0 
0 0 0 0 0 0 0 0 0 0 0 0 0 0 0 0 
0 0 0 0 0 0 0 0 0 0 0 0 0 0 0 0 
0 0 0 0 0 0 0 0 0 0 0 0 0 0 0 0 
0 0 0 0 0 0 0 0 0 0 0 0 0 0 0 0 
0 0 0 0 0 0 0 0 0 0 0 0 0 0 0 0 
0 0 0 0 0 0 0 0 0 0 0 0 0 0 0 0 
0 0 0 0 0 0 0 0 0 0 0 0 0 0 0 0 
0 0 0 0 0 0 0 0 0 0 0 0 0 0 0 0 
0 0 0 0 0 0 0 0 0 0 0 0 0 0 0 0 
0 0 0 0 0 0 0 0 0 0 0 0 -16 -16 -16 -16 
-16 -16 -16 -16 -16 -16 -16 -16 -32 -32 -32 -32 -32 -32 -24 -24 
8 0 8 0 0 0 0 0 0 0 0 0 0 0 0 0 
16 16 16 16 0 2 0 -5 16 4 7 -4 -17 -24 -24 -32 
19 -44 12 -12 -69 -106 -5 -48 16 17 16 16 34 -12 28 -75 
-66 -70 -4 -32 -111 -187 -213 -313 24 -14 -75 -43 -148 -189 -53 -29 
-55 -7 -165 -45 8 17 -6 -8 -26 26 40 -14 23 16 -42 -45 
28 35 -7 -12 23 -43 -59 -141 -39 -175 -68 -67 -261 -311 -55 -83 
26 21 -82 11 5 -31 11 -17 -185 14 -52 -88 17 -34 -60 -166 
42 107 116 89 79 64 28 -33 66 -143 -47 -22 -92 -53 135 92 
0 -53 -71 -98 -85 -114 -75 -108 -40 -19 55 61 11 -18 67 38 
-27 -22 -38 -29 29 49 -4 36 -24 -22 -15 -27 -29 -34 -99 -114 
43 40 32 26 75 25 26 -27 -18 -12 -99 -52 -52 -91 15 -24 
-28 -98 -98 -168 -17 -61 -88 -133 -160 -236 -93 -186 -156 -191 -94 -123 
14 -40 -167 -240 -94 -76 -152 -123 -194 -262 -62 -189 -206 -158 -225 -189 
11 60 -79 -96 83 32 -65 -61 -43 -88 -45 -88 -71 -32 -80 -87 
-188 -96 -80 20 -82 -22 -46 -12 -95 -67 -151 -105 -62 -8 -52 12 
17 35 30 38 61 32 53 66 72 94 107 134 109 119 152 180 
-5 -24 -24 -19 -27 47 26 130 -54 -4 -32 49 67 97 16 -37 
26 134 98 156 209 122 126 7 -2 -26 -179 -176 -26 -71 -140 -164 
40 40 66 64 48 52 62 59 10 -8 -43 -64 -8 4 -70 -65 
8 2 16 18 61 76 99 124 60 73 -28 -21 152 170 70 101 
103 -119 206 32 -670 -791 -250 89 -23 -5 -42 20 160 497 33 58 
-537 -248 235 -380 -106 0 -253 72 717 932 321 748 -62 657 292 1396 
58 103 197 491 392 5 -77 -619 477 -118 -197 -809 -725 -1240 -1323 -1657 
-38 -34 -16 -16 -12 -20 -16 -16 -16 -16 -8 -12 -16 -8 -16 -16 
-42 -48 -20 -11 -23 -10 19 40 4 26 -11 -4 58 74 19 28 
18 24 70 76 -8 -37 48 -2 83 80 28 26 42 4 -6 -23 
-20 -27 -15 4 -33 -7 -1 -6 2 43 -8 10 26 -15 14 -4 
-2 -11 35 3 -14 -16 -15 -16 30 17 -8 -8 -12 -16 -8 -8 
12 12 20 20 12 11 20 22 40 40 56 56 40 40 56 56 
-32 -32 4 4 -28 -22 4 4 16 16 24 24 16 16 24 24 
-3 0 0 0 0 0 0 0 0 0 8 8 0 0 8 8 
12 13 16 16 16 16 16 16 16 16 16 23 16 16 24 42 
-24 19 -24 19 96 155 65 105 -18 18 22 78 28 55 80 76 
51 51 -34 -141 60 -929 -114 -899 -28 -412 -11 -428 -869 -1304 -1140 -1403 
33 2 -76 -109 -76 8 -58 -133 -231 -120 -308 -199 0 -83 -168 -111 
-7 -43 -81 -42 -37 -66 -45 -161 -59 -38 57 85 -22 -165 61 51 
-153 -185 -327 -342 -95 465 -255 -60 -363 -368 -354 -154 18 -43 127 517 
-602 579 -216 381 574 125 569 221 -532 -574 -520 -407 -51 -180 -463 -494 
120 -338 321 32 -561 -618 -323 -497 -150 265 -246 -269 -383 -434 -306 -167 
-69 -93 -1 199 -94 -115 214 -148 551 1092 334 733 45 -101 97 -158 
-89 -120 -106 35 97 226 159 142 304 82 60 44 -15 -3 -100 -162 
-147 80 -40 32 52 93 87 25 -50 -64 -120 -160 -149 -128 -145 -80 
-213 -87 -228 -129 35 46 350 516 -249 -137 -261 -334 150 138 -319 -148 
-85 97 557 229 -119 333 -166 74 -300 -146 48 113 -43 -33 1 82 
277 27 -501 51 -114 -212 103 184 -526 -524 -509 -517 -372 -360 -366 -406 
-149 -183 -257 -102 -140 139 53 318 -273 -234 -118 36 -119 462 33 537 
-134 -420 -259 -768 46 -41 35 -52 770 17 1075 57 34 -52 52 -40 
-6 -8 -16 -16 0 0 0 0 -16 -7 4 8 0 0 8 8 
-12 -16 -20 -26 -20 -17 -24 -24 -20 -32 -13 -25 -33 -30 -30 -33 
12 34 -31 -16 16 -4 8 -16 -32 -16 -9 28 -4 -28 -4 -37 
-26 -10 -55 -33 20 49 0 32 -47 -20 -58 -33 12 40 2 29 
7 8 -4 0 8 12 0 8 -16 -16 -16 -12 -12 -4 8 16 
-1 0 -4 0 20 44 20 40 -7 4 0 16 16 22 16 16 
30 12 30 12 8 -8 8 -8 28 12 28 12 8 -8 8 -8 
-8 16 -8 16 16 16 16 16 -8 16 -8 12 16 16 16 16 
0 0 0 0 0 0 0 0 0 0 0 0 0 0 0 0 
0 0 0 0 0 0 0 0 0 0 0 0 0 0 0 0 
0 0 0 0 0 0 0 0 0 0 0 0 0 0 0 0 
0 0 0 0 0 0 0 0 0 0 0 0 0 0 0 0 
0 0 0 0 0 0 0 0 0 0 0 0 0 0 0 0 
0 0 0 0 0 0 0 0 0 0 0 0 0 0 0 0 
0 0 0 0 0 0 0 0 0 0 0 0 0 0 0 0 
0 0 0 0 0 0 0 0 0 0 0 0 0 0 0 0 
0 0 0 0 0 0 0 0 0 0 0 0 0 0 0 0 
0 0 0 0 0 0 0 0 0 0 0 0 0 0 0 0 
0 0 0 0 0 0 0 0 0 0 0 0 0 0 0 0 
0 0 0 0 0 0 0 0 0 0 0 0 0 0 0 0 
0 0 0 0 0 0 0 0 0 0 0 0 0 0 0 0 
0 0 0 0 0 0 0 0 0 0 0 0 0 0 0 0 
0 0 0 0 0 0 0 0 0 0 0 0 0 0 0 0 
0 0 0 0 0 0 0 0 0 0 0 0 0 4 0 0 
0 0 0 0 0 0 -2 -8 10 -18 -14 -40 -29 -45 -58 -68 
-8 -8 -32 -36 -8 -8 -36 -36 -66 -68 -89 -100 -68 -68 -100 -100 
-4 -4 -12 -12 -4 -4 -12 -12 -24 -24 -32 -31 -24 -20 -28 -20 
-16 0 -32 -16 0 16 -16 0 -50 -28 -68 -45 -8 16 -26 -8 
0 0 0 0 0 0 0 0 0 0 0 0 0 0 0 0 
0 0 0 0 0 0 0 0 0 0 0 0 0 0 0 0 
0 0 0 0 0 0 0 0 0 0 -8 -2 0 0 0 0 
0 0 0 0 -12 -12 4 4 0 0 0 0 0 0 0 0 
-12 -12 -4 -4 0 -1 4 3 0 0 -16 -16 -12 -12 -32 -32 
9 0 12 1 0 0 0 0 12 1 0 0 0 0 0 0 
0 -8 0 -6 -16 -16 -16 -16 16 12 16 16 0 -6 0 0 
-17 -23 -20 -84 -19 -72 -65 -81 -31 -84 -3 -55 -69 -94 -65 -103 
-36 -39 -28 -28 -7 -4 6 -3 -33 -31 -63 -71 -12 -67 -79 -129 
28 -40 26 -39 -67 -75 -64 -64 -17 -54 -68 -90 -65 -64 -116 -117 
-5 32 25 -11 -8 -29 -159 -180 7 -65 -55 -108 -191 -198 -159 -148 
4 -89 -60 -111 -164 -139 -171 -118 -68 -143 -12 -34 -155 -128 -25 -53 
36 -47 64 -4 7 -31 -8 -38 25 27 4 2 -3 -43 -26 -74 
43 48 76 84 -12 -25 14 -4 74 96 63 94 17 12 16 13 
21 -12 25 -13 -19 -22 -15 -22 12 -17 -11 -49 -18 -55 -42 -94 
4 9 7 -6 40 38 -24 -24 -40 -63 -83 -103 -67 -52 -138 -132 
15 34 -15 4 17 -266 16 -149 22 60 -6 60 68 -98 68 -82 
-148 -343 -86 -181 -518 -605 -290 -495 56 70 68 117 112 -68 333 512 
-30 -76 -96 -156 -68 -77 -153 -160 -189 -460 105 116 -741 -838 115 -343 
24 12 34 15 61 69 60 56 73 31 714 391 64 41 179 14 
4 37 -28 -12 51 92 9 42 -56 -51 -106 -110 -94 -68 -163 -178 
133 143 69 10 40 -5 -51 -159 -31 -26 -57 488 -125 -208 982 -402 
79 -26 -76 -100 -71 -82 -134 -140 -99 -126 -104 -120 -160 -169 -212 -220 
-3 -7 -64 -54 5 -10 -11 4 -86 -77 -103 -84 -16 0 -16 0 
-60 -72 -17 -16 -43 75 -34 -77 -25 -21 -32 -36 -26 -58 -57 -64 
199 -20 18 -358 130 178 -17 -4 -36 -36 -32 -26 -30 -11 -18 -46 
-115 -223 -294 -430 -124 168 304 182 -210 -41 -78 487 402 242 506 326 
12 4 -9 -4 4 3 -4 -4 13 16 22 24 16 15 26 39 
-18 -26 -16 -24 -44 -48 -44 -48 -14 -16 18 24 -32 -57 8 -21 
-32 -28 -32 -32 -23 -20 -32 -32 -44 -44 -8 -12 -44 -44 -12 -12 
16 10 0 -8 -11 -16 -25 -28 -12 -12 12 12 -15 -16 12 12 
-16 -16 -16 -16 -8 -8 -16 -16 -28 -28 4 4 -28 -28 4 4 
-8 -8 -16 -16 -8 -8 -16 -16 -28 -28 -4 -4 -28 -28 -4 -4 
44 44 48 48 44 44 48 48 48 48 48 48 48 48 48 48 
12 12 16 16 12 12 16 16 16 16 16 16 16 16 16 16 
8 8 16 16 8 5 16 19 16 16 16 16 16 24 16 24 
1 27 39 73 28 64 77 118 44 58 44 52 68 115 66 112 
6 52 49 67 56 81 60 -277 62 72 70 106 60 -177 114 -215 
358 -615 -411 -674 -786 -936 -753 -666 -158 -492 161 -741 -222 -147 -438 -406 
-49 -82 306 -45 29 -31 -30 -113 460 226 102 -88 362 -98 4 -9 
3 -130 8 -112 -79 295 -77 -17 -112 -31 78 29 -138 161 -60 -239 
-65 -103 -219 -62 180 484 104 -9 -284 -118 -123 -133 154 261 -106 399 
330 -149 304 390 -412 -480 1108 31 1034 682 -131 -165 130 -136 185 1042 
-343 -489 70 -263 -344 -214 -196 -313 256 53 1498 392 -326 -422 -234 -467 
-451 -667 -12 -87 -231 -345 -20 -67 -14 -18 -39 26 5 -19 167 35 
23 0 -38 -107 -79 -89 -97 -47 -150 -159 -178 -143 -110 -38 -101 -35 
-112 -111 -52 -174 -72 -30 -62 -4 -11 -64 120 503 41 400 294 342 
-150 -136 -154 45 -80 -37 1054 853 504 1170 -156 532 947 767 1351 1922 
273 496 54 892 -239 1 685 -370 22 -105 506 -386 -261 -346 -463 -224 
-370 -597 -248 -271 -421 82 305 145 -253 619 657 867 883 1113 1300 1698 
-253 260 585 558 952 1170 229 666 274 349 -189 -213 216 226 -246 -273 
12 27 7 33 46 63 53 74 34 57 83 93 76 102 110 130 
-28 -28 -9 -8 -28 -28 -8 -8 26 32 43 45 32 32 49 52 
7 2 8 1 -1 10 0 6 11 3 23 14 1 7 13 4 
36 26 53 27 6 -22 11 -12 72 44 80 52 28 8 34 8 
-13 12 -12 12 -16 8 -16 8 0 12 7 24 -16 12 -13 19 
-32 -26 -28 -25 -4 12 -9 8 -12 -9 4 8 7 16 16 16 
-2 20 -4 20 16 16 16 16 0 20 0 19 16 16 16 16 
28 12 28 13 -8 -24 -8 -24 32 30 25 24 8 -8 4 -8 
-16 -8 -16 -16 0 0 0 0 -16 -16 -14 -8 0 0 0 0 
0 0 0 0 0 0 0 0 0 0 0 0 0 0 0 0 
0 0 0 0 0 0 0 0 0 0 0 0 0 0 0 0 
0 0 0 0 0 0 0 0 0 0 0 0 0 0 0 0 
0 0 0 0 0 0 0 0 0 0 0 0 0 0 0 0 
0 0 0 0 0 0 0 0 0 0 0 0 0 0 0 0 
0 0 0 0 0 0 0 0 0 0 0 0 0 0 0 0 
0 0 0 0 0 0 0 0 0 0 0 0 0 0 0 0 
0 0 0 0 0 0 0 0 0 0 0 0 0 0 0 0 
0 0 0 0 0 0 0 0 0 0 0 0 0 0 0 0 
0 0 0 0 0 0 0 0 0 0 0 0 0 0 0 0 
0 0 0 0 0 0 0 0 0 0 0 0 0 0 0 0 
0 0 0 0 0 0 0 0 0 0 0 0 0 0 0 0 
0 0 0 0 0 0 0 0 0 0 0 0 0 0 0 0 
0 0 0 0 0 0 8 0 0 3 -17 -121 -135 -7 -1176 -812 
0 0 0 0 0 0 -5 -5 64 64 -37 -612 60 -327 -1200 -1595 
0 0 2 -12 0 0 -1 2 -281 -110 -1497 -1542 27 6 -268 23 
-19 -37 -5 -25 -47 -63 -41 -51 6 -15 13 -2 -31 -42 -16 -30 
-26 -48 -9 -46 -48 -48 -54 -56 11 -22 31 21 -51 -49 26 28 
-16 -12 -16 -9 6 15 10 16 5 36 72 80 52 56 80 80 
-32 -30 -32 -32 -12 -8 -16 -16 -8 -8 16 16 -8 -8 16 20 
6 22 -24 -23 28 28 -20 -20 -16 -16 28 28 -24 -28 20 19 
23 -9 -46 -136 -16 -20 -167 -156 -68 -97 5 -14 -89 -72 11 20 
-48 -20 -70 -24 0 0 0 0 -44 -9 -6 0 -16 -16 -16 -16 
0 0 0 0 0 0 0 0 -24 -19 -32 -32 -16 -16 -32 -32 
-12 -16 -20 -30 -22 -32 -32 -38 -30 -38 -40 -47 -46 -48 -51 -66 
0 0 0 0 0 0 0 -6 -16 -16 -62 -69 -28 -51 -76 -80 
0 0 -4 -11 -16 -25 -23 -30 -5 -15 -10 -16 -31 -35 -31 -36 
-14 -48 -30 -62 -75 -104 -91 -104 -33 -66 -47 -76 -64 -68 -63 -32 
-60 -50 -48 -32 -49 -74 -15 -6 -27 -24 14 0 -12 7 -2 10 
-58 -109 21 -13 -125 -100 -97 -83 30 5 -3 5 -25 -35 40 71 
-9 -39 2 -25 -48 -13 -52 -85 12 -4 107 89 -47 -99 23 28 
29 28 23 35 4 -30 25 10 -52 11 18 34 8 0 30 33 
-11 2 -47 -34 4 28 -7 21 -48 -92 33 -34 -101 -70 -205 -20 
30 40 11 0 37 26 -20 -40 98 -48 -169 -358 54 123 -386 90 
-46 -72 6 -4 -94 -132 -16 -16 78 86 91 77 91 92 -21 -42 
-43 -77 19 9 -98 -129 -23 -13 33 151 -67 -240 168 122 -563 -925 
-56 19 228 294 32 20 302 310 75 0 -305 -227 -105 -136 136 180 
84 85 565 455 52 -76 268 43 179 -101 31 -86 -513 -542 -199 -275 
-6 -22 -105 -160 -87 -233 -329 -816 -84 -224 8 -86 -191 38 -69 58 
306 -237 -282 -199 -583 -721 -4 147 298 339 347 320 322 332 303 284 
5 303 249 402 539 840 306 301 22 23 11 12 -5 -16 8 8 
278 240 219 246 273 -1523 89 -1978 216 229 224 224 -950 -1897 -1388 -1860 
154 729 -34 214 668 675 698 768 -81 -98 -56 -80 45 325 -80 -87 
44 60 25 32 -28 -16 -48 -34 -152 -89 -653 -412 -169 -160 -387 -354 
64 55 53 36 34 32 30 32 -49 2 -170 -83 22 29 -5 21 
16 34 13 66 74 -1 111 443 66 168 -9 271 341 1062 1095 1190 
-235 276 258 288 254 248 272 264 291 288 337 312 288 288 312 324 
9 15 34 44 12 26 44 56 60 76 91 103 76 88 100 112 
3 1 28 22 -9 -21 12 8 -22 -31 8 -1 -38 -37 -7 -6 
-27 -28 11 12 -28 -29 12 12 -27 -24 14 10 -24 -26 8 -2 
16 16 36 36 16 16 36 32 24 20 12 0 20 19 -4 -4 
4 4 8 0 4 0 -4 -4 0 -8 -6 -12 -8 -10 -16 -27 
-22 -32 6 -27 -32 -32 -32 -32 20 -20 28 -14 -32 -32 -24 -24 
16 16 20 20 16 16 20 20 36 36 48 48 36 36 48 48 
-16 -16 -12 -12 -16 -12 -12 -4 4 4 16 18 4 10 24 26 
3 4 16 20 4 4 20 20 29 32 40 41 32 30 44 44 
-29 -13 -19 -4 4 34 16 40 -28 -12 -7 3 4 35 16 39 
-48 14 -38 12 -244 -447 -1491 -896 -54 -1009 -33 -5 -1299 -483 -119 17 
217 348 -67 73 250 101 -45 -152 -347 -366 -505 -650 -351 -344 -435 -284 
-57 155 -106 -21 129 185 156 238 -110 -18 80 398 45 63 -87 272 
-92 -59 78 32 -3 -10 -102 -195 -100 -213 85 -138 -201 -103 -206 -240 
-138 -251 58 311 -102 481 433 480 -119 85 -69 -138 105 1296 26 665 
220 759 133 542 754 756 758 597 -95 -347 -997 -890 231 -578 -919 -760 
-197 -1144 -292 -812 -667 3 -228 322 -356 -126 -118 430 1004 1334 727 808 
-94 -168 -130 -122 -123 -132 -146 -140 -43 -54 5 25 137 88 474 252 
19 -40 -24 -55 15 39 -1 116 -13 8 94 15 70 110 46 147 
356 923 -30 -177 156 70 -285 -273 -118 -364 -131 505 -87 -187 179 -245 
-121 -488 -364 -482 -445 159 -305 -279 111 -278 93 402 -546 -526 -60 -498 
123 -430 -531 -499 -324 267 -446 -88 -538 -554 -519 -523 -458 -370 -429 -172 
-71 14 -190 -95 493 1407 75 376 84 250 20 311 464 472 481 496 
72 25 -197 104 52 32 140 113 -1856 -1222 -1175 -432 184 183 187 210 
22 27 110 126 46 65 146 152 109 142 98 112 152 152 112 112 
22 27 7 12 39 50 24 30 -16 -16 -10 -12 -27 -24 -28 -28 
49 60 4 1 80 92 20 25 -32 -32 -28 -28 -32 -32 -32 -24 
36 10 44 18 -13 -27 -6 -22 37 14 21 2 -10 -20 -24 -40 
-21 4 25 42 26 70 76 130 46 85 -9 -34 80 59 -158 -380 
45 24 93 15 34 34 -46 26 65 6 -102 -26 -558 -91 -1144 -1305 
32 34 16 10 48 40 33 22 -477 -517 -227 -507 -490 -92 179 265 
-10 -4 -4 0 -11 -14 -1 6 -15 8 -35 -3 20 28 16 24 
5 12 13 16 16 16 16 16 16 16 12 23 16 16 17 10 
0 0 0 0 0 0 0 0 0 0 0 0 0 0 0 0 
0 0 0 0 0 0 0 0 0 0 0 0 0 0 0 0 
0 0 0 0 0 0 0 0 0 0 0 0 0 0 0 0 
0 0 0 0 0 0 0 0 0 0 0 0 0 0 0 0 
0 0 0 0 0 0 0 0 0 0 0 0 0 0 0 0 
0 0 0 0 0 0 0 0 0 0 0 0 0 0 0 0 
0 0 0 0 0 0 0 0 0 0 0 0 0 0 0 0 
0 0 0 0 0 0 0 0 0 0 0 0 0 0 0 0 
0 0 0 0 0 0 0 0 0 0 0 0 0 0 0 0 
0 0 0 0 0 0 0 0 0 0 0 0 0 0 0 0 
0 0 0 0 0 0 0 0 0 0 0 0 0 0 0 0 
0 0 0 2 0 0 -1 5 0 1 0 0 -71 -85 -610 -1134 
0 0 -3 -1 0 -2 0 -21 -336 -752 -914 -872 -806 -467 -936 -1093 
78 392 251 -385 -213 -287 -381 105 32 12 -175 269 341 594 647 1112 
175 180 -51 -12 135 -9 313 210 -5 166 123 287 78 137 149 378 
67 342 -78 -126 918 1854 144 491 12 -39 175 -63 59 136 -294 82 
-32 18 -263 14 32 16 32 24 -929 17 -668 10 32 16 44 16 
11 5 28 24 -9 -6 4 0 8 6 -12 -14 -11 -6 -31 -24 
13 16 16 16 16 16 16 16 13 16 4 16 16 16 16 16 
16 16 16 16 16 16 16 16 16 16 16 16 16 16 16 16 
6 8 0 0 16 18 16 16 16 16 10 4 16 16 -13 -21 
23 17 16 16 16 16 16 16 8 2 -50 -90 13 9 -151 -186 
16 16 8 16 0 0 -4 -8 -11 12 -62 -32 -11 -27 24 101 
-16 -16 0 0 -16 -16 0 0 -2 4 -11 -28 4 3 -32 -32 
-25 -22 -16 -16 -32 -48 -30 -62 -1 0 -40 -38 -24 -67 -58 -80 
-14 -19 -35 -36 -14 -17 -48 -79 -45 -83 -77 -172 -161 -248 -299 -355 
-7 -4 -2 -6 -5 -11 2 7 -104 -99 -37 -14 -52 5 12 52 
-60 -73 -33 -41 -41 -13 -7 21 -9 -11 23 27 24 57 49 79 
60 28 38 23 11 -30 24 10 28 24 4 28 32 32 27 32 
-110 -119 -18 -16 -110 -103 -50 -104 18 20 16 16 -8 -52 -4 -39 
-9 1 -34 -10 15 29 11 21 -40 -16 -46 -30 4 21 -2 -177 
496 496 532 522 529 -27 -39 -1422 -329 -1263 -282 -1361 -1408 -1661 -1402 -1740 
-343 -278 -424 -396 -742 -442 -194 122 -153 -148 -183 -158 4 107 -122 -126 
56 661 474 468 493 171 -124 -780 -384 -567 -314 -470 -792 -1155 -597 -775 
-1 -257 -219 -368 -821 -1097 -594 51 -7 12 -34 -112 -17 675 -102 254 
-229 -562 173 347 -491 147 524 849 -165 -726 -830 -869 -63 823 -845 561 
0 0 0 0 0 0 0 0 0 0 0 0 0 0 0 0 
0 0 0 0 0 0 0 0 0 0 0 0 0 0 0 0 
0 0 0 0 0 0 0 0 0 0 0 0 0 0 0 0 
308 431 119 166 301 206 129 59 146 257 -4 -2 231 190 -43 -61 
-15 -42 43 37 2 94 25 30 -8 -1 4 14 32 34 56 72 
-89 -54 -143 -59 58 117 103 114 -33 -14 39 67 41 60 97 100 
56 97 10 58 88 88 65 68  